chr,start,end,gwas_h2,gwas_h2_se,burden_h2,burden_h2_se,min_gwas_p,min_burden_p,min_burden_p_no_multi
1,10583,1892607,0.00026914,9.866e-05,-1.2127276022242348e-05,2.2854687387328503e-05,1.5636e-11,0.022692843708696914,0.022692843708696914
1,1892607,3582736,6.938e-05,8.7215e-05,-5.631329095887931e-07,1.4926900362267138e-05,1.6744e-05,0.0727570604980943,0.0727570604980943
1,3582736,4380811,-4.4151e-05,7.9984e-05,1.4830487284087437e-07,8.789337543587885e-06,0.0016686,0.09548394167240104,0.09548394167240104
1,4380811,5913893,-2.9699e-05,8.0941e-05,-2.554085826359429e-06,4.0508512130360205e-06,0.00040373,0.3749171727666353,inf
1,5913893,7247335,-4.9411e-06,8.2553e-05,-7.556924860226735e-06,1.4320532137265554e-05,0.00078628,0.05580014176699968,0.05580014176699968
1,7247335,9365199,-2.5618e-05,8.1209e-05,6.336111028541885e-06,1.2587894093945309e-05,1.3932e-05,0.037178662902882145,0.037178662902882145
1,9365199,10806984,0.00023438,9.6766e-05,2.722108591699091e-06,1.3321992453702375e-05,5.7881e-11,0.024179852089962078,0.024179852089962078
1,10806984,11777841,0.00027129,9.8777e-05,-8.337137547066634e-06,1.226469752463203e-05,1.7205e-09,0.07238614255001817,0.07238614255001817
1,11777841,12779466,6.0165e-05,8.6651e-05,1.1318367828171109e-05,1.3046388513370035e-05,1.3855e-05,0.03050360180104651,0.03050360180104651
1,12779466,14891511,-3.4601e-05,8.0617e-05,2.216940027937884e-05,1.1817864950639026e-05,1.3232e-06,0.017845242408987556,0.017845242408987556
1,14891511,16897730,0.00012426,9.0504e-05,2.5413420258034572e-05,1.7392076189815035e-05,1.0431e-24,0.0010714924312157518,0.0010714924312157518
1,16897730,18662899,2.616e-05,8.4535e-05,-1.0063700948358012e-05,1.1686785788966052e-05,1.6784e-06,0.060459851261636055,0.13048897411703855
1,18662899,20469149,-4.3626e-05,8.0019e-05,-9.279134369679668e-06,1.5641498487063955e-05,6.0178e-06,0.1028689665905925,0.1028689665905925
1,20469149,21736588,9.9571e-05,8.904e-05,5.242307318728379e-06,1.2129782753088209e-05,2.8505e-06,0.0929988895425912,0.0929988895425912
1,21736588,23086883,7.679e-05,8.7667e-05,2.2044413980416758e-06,1.261495213296771e-05,6.2582e-06,0.05617860022600318,0.05617860022600318
1,23086883,23920590,0.00040517,9.995e-05,3.6458857568653802e-06,1.1347452738862742e-05,4.4999e-11,0.040566545870009005,0.040566545870009005
1,23920590,25516845,4.8577e-05,8.5936e-05,3.114182252557605e-05,1.4936901137063963e-05,1.0987e-08,0.004545002395582023,0.004545002395582023
1,25516845,27401867,0.00027971,9.9229e-05,5.678234814066865e-05,2.4545657716497276e-05,4.5142e-14,0.0002895567487096434,0.0002895567487096434
1,27401867,30161881,-2.6672e-05,8.1139e-05,1.0484586253727725e-05,2.0280534003277706e-05,0.00025091,0.008319675576549675,0.008319675576549675
1,30161881,32438685,-3.1904e-05,8.0795e-05,6.70479918955105e-06,1.3239693944843628e-05,0.00010431,0.07974611262939668,0.07974611262939668
1,32438685,34799758,3.8776e-05,8.5326e-05,1.9435253653888915e-05,2.041070544369306e-05,1.2979e-05,0.035918755053810314,0.035918755053810314
1,34799758,37549183,-5.7099e-06,8.2504e-05,2.224629912064402e-05,1.8957324752449113e-05,0.00011924,0.026459379011258617,0.026459379011258617
1,37549183,38731847,2.7757e-05,8.4636e-05,2.6428623839224777e-05,1.3828794653631208e-05,1.0927e-05,0.021972617293877065,0.021972617293877065
1,38731847,40200567,0.00052057,0.00011141,-2.4758336942363456e-06,1.1928235506721612e-05,4.7474e-20,0.04407165309097879,0.059330317924080264
1,40200567,41975327,3.1169e-05,8.485e-05,1.7831207525227196e-05,1.6359983223941348e-05,8.8078e-05,0.015294947665623504,0.015294947665623504
1,41975327,43758457,0.00031359,0.00010103,-2.774174112281088e-05,1.5166302624512702e-05,1.0752e-05,0.062384562976644055,0.062384562976644055
1,43758457,44969183,2.6571e-05,8.4561e-05,-1.072313202690191e-05,1.4583733016954658e-05,0.00048919,0.07841315823262238,0.07841315823262238
1,44969183,46899501,0.00013961,9.1403e-05,9.925846885497525e-07,1.9270894502324242e-05,4.1176e-05,0.0022449444779231546,0.0022449444779231546
1,46899501,48002576,0.00036317,0.00010069,5.41400215299913e-06,1.3810049275236974e-05,3.5356e-07,0.016437012197783128,0.016437012197783128
1,48002576,48978188,5.7807e-05,8.6506e-05,-1.4287708031120314e-06,5.634179038897063e-06,0.0015272,0.17279850595536056,0.22454122018133535
1,48978188,49894177,0.00019278,8.1996e-05,7.0558349586060515e-06,3.926674343381565e-06,2.7112e-05,0.032145000320827226,0.032145000320827226
1,49894177,51713726,0.00047463,9.86e-05,1.8933991137588634e-05,7.801652596423644e-06,6.3492e-05,0.0052212240678540444,0.0052212240678540444
1,51713726,54226262,0.00013769,9.1291e-05,1.4999366671116253e-05,1.8157822105386685e-05,1.7877e-05,0.004944157118666437,0.004944157118666437
1,54226262,56413117,-4.0023e-05,8.0258e-05,2.1218347894067808e-05,1.6052035980860718e-05,6.1535e-06,0.0034605027835358858,0.0034605027835358858
1,56413117,57021728,0.00019315,8.4906e-05,-9.397763566259082e-07,2.621826689023461e-06,0.00088017,0.4825545766219014,inf
1,57021728,58865399,-4.8589e-05,7.9688e-05,8.7509173358167e-06,7.433422205891501e-06,1.4344e-05,0.009856842560817878,0.009856842560817878
1,58865399,59890409,0.00010729,8.95e-05,-3.833709163213297e-06,4.980678117571301e-06,4.7737e-08,0.5060637908553136,0.5060637908553136
1,59890409,61922365,4.6973e-05,8.5836e-05,-2.0863920181439402e-07,6.846666409406284e-06,2.6638e-05,0.05632747854946057,0.05632747854946057
1,61922365,63455089,-2.3394e-05,8.1354e-05,4.08300659583847e-06,9.071072422334834e-06,5.676e-05,0.02376115360558294,0.02376115360558294
1,63455089,65041704,-2.9048e-05,8.0983e-05,-9.489254515698998e-06,9.037076295561252e-06,0.00022649,0.30561409623574126,0.30561409623574126
1,65041704,66939404,0.00055646,0.00011311,-6.994099786228843e-06,8.939877055012866e-06,7.2858e-18,0.18102610040740916,0.18102610040740916
1,66939404,68477895,9.2038e-05,8.8588e-05,-2.1816423553050754e-06,1.123748739767201e-05,3.8909e-05,0.13609535467891812,0.13609535467891812
1,68477895,69687616,-1.2242e-05,8.2081e-05,-4.816475815517237e-06,5.5025080966112715e-06,0.0012856,0.042327847138964564,0.5238991072550355
1,69687616,71372470,-3.1033e-05,8.0853e-05,6.124165084232682e-06,8.358285284276527e-06,7.6044e-05,0.042327847138964564,0.07949455019813835
1,71372470,71684405,0.00012982,5.5917e-05,-9.353879891007229e-07,1.8835475414622337e-06,0.0018269,0.3402891974837645,inf
1,71684405,74326907,-3.0629e-06,8.2674e-05,-4.258507983092156e-06,4.50333452601455e-06,0.00012976,0.6154664153492083,0.6154664153492083
1,74326907,76728135,-1.4531e-05,8.1932e-05,-8.294520200370082e-06,1.1053996436165439e-05,0.00015391,0.06480946054400559,0.06480946054400559
1,76728135,79661198,-4.4634e-05,7.9952e-05,-7.049724790209239e-06,1.2258684059898971e-05,0.00012813,0.1397416808181564,0.1397416808181564
1,79661198,81354191,4.0815e-05,8.5454e-05,-1.2642353312974505e-06,2.5694503807632094e-06,0.00023636,0.44678116476002505,inf
1,81354191,83991748,-4.648e-05,7.9829e-05,-3.025407633132591e-06,3.193223717587042e-06,0.00038129,0.8121738859822523,inf
1,83991748,84844495,0.00012817,8.383e-05,9.02973949126371e-06,4.892313388442069e-06,0.0010445,0.01566887816792769,0.01566887816792769
1,84844495,86454751,-2.5041e-05,8.1246e-05,-7.55639192651878e-06,1.2493834395179678e-05,7.704e-05,0.038170308451600424,0.038170308451600424
1,86454751,88128631,1.3864e-05,8.3757e-05,4.54563518722422e-06,8.924738261125448e-06,0.00010198,0.01966155050444256,0.01966155050444256
1,88128631,90066303,2.4562e-05,8.4435e-05,-1.0044850676417499e-06,1.134317130627384e-05,4.1829e-05,0.02223007896406489,0.02223007896406489
1,90066303,91886317,-4.7058e-05,7.979e-05,-6.493523518927387e-06,8.138629209526818e-06,0.00015531,0.21285449127202163,0.21285449127202163
1,91886317,93536459,0.00031478,0.00010109,1.0998455942210257e-05,1.112759703323725e-05,6.5448e-06,0.02075442020615246,0.02075442020615246
1,93536459,94506191,0.00058238,0.00010418,3.3078818154848526e-06,8.400416079498757e-06,3.9779e-07,0.040454122638772426,0.040454122638772426
1,94506191,96150893,-5.2639e-06,8.2446e-05,4.077565427452245e-05,9.216548433026751e-06,7.7412e-05,0.00020344817786343043,0.00020344817786343043
1,96150893,97885249,8.0727e-05,8.7905e-05,-3.2280230232051696e-06,3.699554194628642e-06,4.6227e-05,0.3982251806120245,0.9398939858914432
1,97885249,99800604,3.4502e-05,8.5059e-05,1.7903771823705831e-06,5.612754451366817e-06,0.00056423,0.10110161843503124,0.10110161843503124
1,99800604,100826405,3.3947e-05,7.5958e-05,3.4140927855972108e-06,1.0570401744753406e-05,0.00014038,0.0736034424049893,0.0736034424049893
1,100826405,102041016,3.8608e-05,8.5316e-05,-8.748301297837733e-06,8.731622946823523e-06,0.00057331,0.2386758635681445,0.2745189602510083
1,102041016,102898745,0.00013201,8.3397e-05,8.913276812656851e-07,3.245455504695815e-06,0.00027179,0.2386758635681445,inf
1,102898745,103914211,8.5149e-05,7.0397e-05,2.2458721456405878e-06,3.6280245835675736e-06,0.0002187,0.021160240698902186,0.8356664425247999
1,103914211,106087842,-1.8936e-05,8.1646e-05,6.567971883940117e-06,5.995909421644675e-06,3.1214e-06,0.021160240698902186,0.0741091499086414
1,106087842,108409665,-3.7912e-05,8.0398e-05,-8.412253529473922e-07,5.175409628756663e-06,0.00013657,0.23932547193336276,0.6169770175271265
1,108409665,110303931,0.00013983,9.1415e-05,-2.4553903933368122e-05,1.848589737119676e-05,1.1331e-15,0.08524664028649565,0.08524664028649565
1,110303931,111741737,4.4966e-05,8.5712e-05,-2.9055249687677036e-06,1.454361359873628e-05,6.8723e-11,0.01700091972183347,0.01700091972183347
1,111741737,113273306,4.2553e-05,8.5562e-05,8.15898157311951e-06,1.4508561207915438e-05,9.6157e-07,0.004499641606393811,0.004499641606393811
1,113273306,114873845,-3.3783e-06,8.2654e-05,-1.8328313469030994e-06,1.1883359037405671e-05,0.00029003,0.09319867814283692,0.09319867814283692
1,114873845,115880593,9.852e-05,8.8497e-05,-1.0947019557694266e-05,1.040473701758047e-05,0.00012675,0.11656820665410338,0.2745663335694678
1,115880593,118839067,-3.1158e-05,8.0844e-05,-1.4063114830612107e-05,1.4307686900581207e-05,3.5754e-05,0.04817512536558232,0.04817512536558232
1,118839067,144977494,-8.8229e-06,8.2302e-05,-1.2542873772180282e-05,1.1293499181253297e-05,5.3337e-05,0.05447733182685529,0.05447733182685529
1,144977494,148361253,2.4206e-05,8.4412e-05,-1.1937475666262813e-05,1.4084939889957583e-05,1.7811e-08,0.007521603946357442,0.007521603946357442
1,148361253,151538881,0.0016155,0.00015515,1.2328814016033837e-05,2.417590137075894e-05,2.6285e-14,0.005995613491757503,0.005995613491757503
1,151538881,153180829,4.8444e-05,8.5928e-05,1.6444925276757733e-05,2.1590454083544195e-05,1.1698e-11,0.0017238468030462315,0.0017238468030462315
1,153180829,154770403,0.0003852,0.00010474,1.4793062506756968e-05,2.261210055768453e-05,3.7871e-17,0.0010474740993043294,0.0010474740993043294
1,154770403,156336133,0.00077846,0.00012312,4.849175098799581e-06,2.462164234687162e-05,6.7968e-43,0.015032761751203015,0.015032761751203015
1,156336133,158027412,-2.1198e-05,8.1498e-05,5.623490510117594e-06,1.819461605641313e-05,7.15e-06,0.03103340556607324,0.03103340556607324
1,158027412,159913048,3.9958e-05,8.54e-05,5.544392657595999e-06,1.845045770375784e-05,6.4275e-06,0.07172424301395874,0.07172424301395874
1,159913048,162346721,7.184e-05,8.7365e-05,1.094213289902746e-05,2.5574457502440194e-05,7.6801e-15,0.01897799444363193,0.01897799444363193
1,162346721,165191702,-5.8348e-05,7.9033e-05,-1.6575164364425081e-06,1.1134308657797059e-05,1.54e-06,0.079510287587469,0.079510287587469
1,165191702,166460517,1.9024e-05,8.4085e-05,9.384150715262217e-07,8.862870313988074e-06,6.1033e-06,0.0479735943911901,0.0479735943911901
1,166460517,169086324,-2.2986e-05,8.1381e-05,1.694182133934883e-05,1.5181288825042736e-05,6.7049e-05,0.005472505257561682,0.005472505257561682
1,169086324,170557776,0.00017675,9.3542e-05,-1.2877423976236254e-06,1.2312220770807678e-05,5.2607e-05,0.07741962129436598,0.07741962129436598
1,170557776,173097907,7.1615e-05,8.7352e-05,1.8971176903317553e-06,1.3283035653177716e-05,3.5077e-05,0.052384025694500964,0.052384025694500964
1,173097907,175089768,0.00042984,0.00010497,-6.262747022616655e-06,1.2624428464808726e-05,2.6117e-06,0.028714171619079288,0.028714171619079288
1,175089768,177433381,-1.6913e-05,8.1777e-05,-8.838632144356081e-06,7.85392512187919e-06,0.00027549,0.348939410896018,0.348939410896018
1,177433381,178944309,0.00032327,0.00010154,-7.2109208886023245e-06,7.492854446931401e-06,1.5703e-21,0.21413574548960687,0.21413574548960687
1,178944309,178954470,2.1764e-05,1.9258e-05,-1.6379156107666877e-07,2.939066391524539e-07,0.016326,0.6453046079220195,inf
1,178954470,181144121,2.7067e-05,8.4593e-05,-5.559871269260913e-06,1.3513821212022738e-05,4.9977e-05,0.028622424185365775,0.028622424185365775
1,181144121,182755356,1.09e-05,8.3569e-05,-6.792777698887551e-06,9.747289106203626e-06,9.1845e-06,0.19210923560157928,0.19210923560157928
1,182755356,184595513,6.0668e-05,8.6682e-05,-3.53721807072616e-06,1.2075736235428944e-05,2.4783e-05,0.06300646093350666,0.06300646093350666
1,184595513,186810023,6.8443e-06,8.331e-05,-1.0871564379387596e-05,1.1435166798955224e-05,0.00010322,0.24233130399371045,0.24233130399371045
1,186810023,188759945,-2.178e-05,8.146e-05,-1.5123125013363232e-06,3.2371290818020837e-06,0.00044961,0.5323385120798348,inf
1,188759945,189904130,6.0368e-05,6.6827e-05,-7.119360749553721e-07,1.4420518000330588e-06,4.4292e-05,0.5827514505752553,inf
1,189904130,191868930,6.0858e-05,8.6694e-05,1.651204369542193e-06,2.7377424626311833e-06,0.00033416,0.10817411105778497,inf
1,191868930,194107442,-1.9922e-05,8.1581e-05,4.140579706807489e-06,9.655426261732698e-06,0.0010314,0.09401397714516152,0.09401397714516152
1,194107442,196176201,-1.786e-05,8.1716e-05,-1.8850683694910276e-06,2.982318445961691e-06,0.0010571,0.509629757451894,inf
1,196176201,197311514,0.0012673,0.00012808,-8.194190121489549e-07,9.840684588795175e-06,2.4278e-20,0.18123656358639845,0.18123656358639845
1,197311514,199239884,3.0697e-05,8.4821e-05,-6.943057654344611e-06,8.189306964203727e-06,0.00016258,0.19157770648709177,0.19157770648709177
1,199239884,200137649,7.4939e-05,8.7067e-05,-1.0362442107811033e-06,3.0310480668207283e-06,8.8923e-06,0.4054920123868395,inf
1,200137649,201589975,0.00019265,9.4442e-05,2.098382747743099e-05,1.3280532226077361e-05,1.2837e-16,0.007796861583645624,0.007796861583645624
1,201589975,203334734,0.00014111,9.149e-05,3.536996001796976e-05,1.7249484646934225e-05,5.4514e-06,0.009118489883737015,0.009118489883737015
1,203334734,204681068,0.00013144,9.0925e-05,7.6283411662464365e-06,1.3543283084402794e-05,1.9675e-06,0.016641605982688483,0.016641605982688483
1,204681068,206073265,0.00021714,9.5813e-05,-2.5968115823911557e-05,1.417553061990248e-05,1.3221e-09,0.19698032744257898,0.19698032744257898
1,206073265,208410364,7.6645e-05,8.7658e-05,-1.9904039559241375e-05,1.610005720157745e-05,4.1413e-07,0.09464872122668483,0.09464872122668483
1,208410364,210787750,-2.0362e-05,8.1552e-05,-1.3288477682194158e-06,1.1043686787412486e-05,1.4202e-05,0.05547272756164189,0.05547272756164189
1,210787750,212842330,1.003e-05,8.3513e-05,1.2677295984751473e-06,1.203151464382449e-05,3.4964e-05,0.015729884954870047,0.015729884954870047
1,212842330,214578266,-4.2597e-06,8.2597e-05,-6.067953947914412e-06,1.0156085058784718e-05,4.1562e-13,0.11882194665515546,0.1399807933817319
1,214578266,216243634,3.7362e-05,8.5238e-05,6.0405349230491675e-06,6.552364158588309e-06,9.6834e-05,0.017490463573747558,0.017490463573747558
1,216243634,218705513,-9.9229e-06,8.2231e-05,-1.0154821623734815e-05,7.661664328770554e-06,5.0189e-05,0.5484233300368184,0.5484315105848042
1,218705513,219590571,0.00013284,8.7674e-05,5.681405054808387e-07,2.8568116794027074e-06,4.1371e-07,0.2576671563315114,inf
1,219590571,221858231,0.00045375,0.00010817,3.1869918100248154e-06,1.061580724777964e-05,4.1114e-19,0.027516536043092656,0.027516536043092656
1,221858231,222230220,0.00022433,7.9516e-05,1.488352812578624e-06,1.4921585370155487e-06,0.00047396,0.12051565594130473,inf
1,222230220,224938520,-6.6263e-05,7.8498e-05,7.646341057601283e-06,1.4253449817491168e-05,3.0549e-05,0.03973722183913222,0.03973722183913222
1,224938520,226810860,3.717e-05,8.5226e-05,-9.295405000374659e-06,1.3288766831825928e-05,6.4254e-06,0.05222390252367705,0.05222390252367705
1,226810860,229156248,7.2286e-05,8.7393e-05,2.577933118358119e-05,1.6263257223172676e-05,9.8828e-07,0.004759886707344766,0.004759886707344766
1,229156248,230685255,-1.2079e-05,8.2091e-05,-9.961218562159868e-07,9.945975902908054e-06,0.00019248,0.08703861632779888,0.08703861632779888
1,230685255,232090252,0.00018371,9.3937e-05,-6.020410936046536e-06,1.241757907734482e-05,1.663e-05,0.09547121958066523,0.09547121958066523
1,232090252,233429284,-3.1076e-05,8.085e-05,-2.506497969369433e-06,6.817208173164038e-06,0.00029324,0.1046390867357342,0.1046390867357342
1,233429284,234599434,-4.924e-05,7.9645e-05,9.560588029973448e-06,6.565480540077214e-06,0.0012655,0.03594069019582069,0.03594069019582069
1,234599434,235819436,-2.3732e-05,8.1332e-05,9.687753670846373e-07,9.318453368379606e-06,3.2064e-05,0.035650647781891566,0.035650647781891566
1,235819436,237555628,-1.4188e-05,8.1955e-05,6.3631576395422685e-06,1.0102737103567927e-05,0.00034201,0.054511732165825236,0.054511732165825236
1,237555628,238567807,-9.5586e-06,8.2255e-05,-2.1929134280252422e-06,2.8199771871376492e-06,0.00048978,0.48359054746349517,inf
1,238567807,239925314,-4.5943e-05,7.9865e-05,-1.8569500002838044e-06,3.0000257347620337e-06,0.0014485,0.5022455954310779,inf
1,239925314,240564091,-4.3277e-05,8.0042e-05,-2.160039146069481e-06,3.358085872768265e-06,0.0010097,0.21421642359072887,0.687521781695621
1,240564091,241582220,-6.7158e-05,7.8437e-05,-1.1710458439040783e-06,4.9947559676916855e-06,7.5026e-05,0.21421642359072887,0.61136536214873
1,241582220,242071602,-3.3476e-06,7.798e-05,-8.524990366025183e-06,7.324530739430394e-06,0.00058718,0.38812143545579325,0.38812143545579325
1,242071602,244109499,-4.8217e-05,7.9713e-05,-5.87599207509003e-06,7.420175985115215e-06,0.00014231,0.37120766564225227,0.37120766564225227
1,244109499,245506746,-6.8406e-05,7.8353e-05,-4.073320010385908e-06,8.794185615144493e-06,0.0010495,0.027321033014109892,0.10688531386615947
1,245506746,247344518,1.9357e-06,8.2996e-05,3.105097315574304e-05,9.35053074523818e-06,0.0002685,0.0018211421954517503,0.0018211421954517503
1,247344518,249239466,0.00016045,9.2609e-05,2.792881702207363e-06,1.783444731395415e-05,2.0684e-10,0.03810648649629915,0.03810648649629915
2,10133,1781022,-1.8919e-05,8.1647e-05,3.7612834523836047e-07,9.048697959584077e-06,9.4042e-06,0.10563299718208832,0.17233161775849148
2,1781022,3973779,-2.4441e-05,8.1286e-05,1.1397366078566031e-06,9.443763124902763e-06,0.00017902,0.10563299718208832,0.11412256878224185
2,3973779,5708337,-4.8854e-05,7.967e-05,-1.0391368481171174e-07,2.647449198594105e-06,0.00044677,0.3311254335470272,inf
2,5708337,6836254,-4.7824e-05,7.9739e-05,-2.122242833897189e-07,2.3539449282701183e-06,8.3737e-06,0.35026442258384627,inf
2,6836254,8422147,-2.9108e-05,8.0979e-05,-8.827339358938229e-07,5.059825084679967e-06,0.00010298,0.26965472047909506,0.26965472047909506
2,8422147,10298469,2.277e-05,8.4322e-05,-1.981844676298342e-06,1.2070493228862261e-05,1.9069e-05,0.05576693660142221,0.05576693660142221
2,10298469,12419150,-5.3735e-05,7.9344e-05,-4.431702973115311e-06,1.195126668970319e-05,0.00056311,0.09080142351812336,0.09080142351812336
2,12419150,14335308,1.8872e-05,8.4075e-05,-2.3631181383489e-06,3.471690941164819e-06,0.00026377,0.551222680603285,inf
2,14335308,16329735,-5.3392e-05,7.9367e-05,2.092405777182022e-06,5.713767249019164e-06,2.6176e-05,0.10779913194283049,0.16265828727237874
2,16329735,18647423,-1.8564e-05,8.167e-05,-3.996692109998447e-06,8.999895776231469e-06,1.9059e-06,0.10779913194283049,0.118111400266982
2,18647423,19692404,0.0002061,9.5198e-05,-1.7120024709433246e-06,3.618305452239975e-06,2.7774e-07,0.41550372973351835,0.41550372973351835
2,19692404,21050490,2.5792e-05,8.4512e-05,7.866217847556727e-07,1.0258807763711078e-05,1.0985e-08,0.054850985102617,0.054850985102617
2,21050490,23341383,-3.6563e-05,8.0488e-05,7.198306727529292e-07,3.4270259227385757e-06,4.3136e-06,0.22365030855183218,0.22365030855183218
2,23341383,24686918,0.0004511,0.00010804,-2.4909517698013468e-06,1.264514038933765e-05,3.723e-06,0.029678716168295646,0.029678716168295646
2,24686918,26894985,7.0346e-05,8.7274e-05,-1.548050071406681e-05,1.5180755078104626e-05,3.5388e-06,0.09117331452046702,0.09117331452046702
2,26894985,28598777,0.0072339,0.00028964,8.399684601892603e-05,2.146753204613908e-05,1.5099e-121,0.0001339293113828415,0.0001339293113828415
2,28598777,29217559,0.00041533,0.00010518,-5.599393451463024e-06,7.683595439247502e-06,7.1274e-07,0.054322068050624464,0.3196304782168077
2,29217559,30463711,-2.4471e-06,8.2714e-05,1.0235221604396379e-05,6.091227833175143e-06,4.262e-05,0.054322068050624464,0.07462271620246308
2,30463711,31550450,4.097e-05,8.5463e-05,1.416344544577344e-05,7.951681883542524e-06,5.2435e-05,0.013961349214540874,0.013961349214540874
2,31550450,33363777,-3.5128e-06,8.2645e-05,-1.3514674586793487e-05,1.0032988081051269e-05,0.00023018,0.24412780623525193,0.24412780623525193
2,33363777,35345028,-8.9077e-05,7.6935e-05,-4.3397845237149435e-06,4.987795007195748e-06,7.5957e-06,0.4723582639872572,0.5053331997818223
2,35345028,36122006,3.1979e-05,8.3978e-05,-9.234729859973308e-07,1.7110991169414098e-06,0.00036405,0.6265597864830372,inf
2,36122006,38132712,3.5648e-06,8.31e-05,-1.1099948986991772e-05,1.2077903381017468e-05,1.2485e-05,0.09240621321388091,0.09240621321388091
2,38132712,39031337,7.3917e-05,8.7492e-05,-1.005100868916009e-05,8.432072144041548e-06,6.4001e-05,0.21704075293689803,0.22380921739899884
2,39031337,40281483,0.0006881,0.00011915,-8.046138537913269e-06,9.329896140459482e-06,2.5257e-11,0.21704075293689803,0.2798931897779985
2,40281483,43309590,6.1733e-05,8.6747e-05,3.6479874891574824e-06,9.983139250773216e-06,9.7293e-08,0.0594174454665794,0.0594174454665794
2,43309590,44313803,4.6593e-05,8.5813e-05,-9.420064904121058e-06,8.47964241591812e-06,0.00016806,0.0919955295008591,0.5999383416363435
2,44313803,46482634,-6.1314e-05,7.8833e-05,9.454655413665245e-06,9.427208141577497e-06,1.2737e-05,0.033347317460719755,0.033347317460719755
2,46482634,47318772,8.592e-05,8.8219e-05,5.528765522157446e-06,9.098243499657434e-06,1.233e-05,0.017846995935550922,0.017846995935550922
2,47318772,48213001,5.5066e-06,8.3224e-05,-1.7692099899693865e-06,6.324192029572172e-06,1.8573e-05,0.20888294375866653,0.3839060572808193
2,48213001,50022257,-1.1838e-05,8.2107e-05,4.14985513400469e-06,8.859261005578027e-06,0.001243,0.05095810945614083,0.05095810945614083
2,50022257,50818928,6.898e-05,8.6947e-05,-5.368141874854585e-07,1.1406832101288466e-06,0.00056518,0.5630444012373079,inf
2,50818928,52491133,4.0485e-05,8.5433e-05,-1.2596472123953858e-06,2.1690935981102896e-06,0.00011565,0.5630444012373079,inf
2,52491133,53508452,-4.0511e-05,8.0226e-05,-1.4446813790274058e-06,2.0457326975703226e-06,2.3719e-05,0.9713179559833743,inf
2,53508452,54685226,4.5886e-05,8.5769e-05,2.5092941155382155e-06,8.160274205200712e-06,5.6901e-05,0.030366185407080085,0.030366185407080085
2,54685226,56203345,0.00031511,0.00010111,-1.3497819942397117e-05,1.908178099622765e-05,1.51e-08,0.0669510402775439,0.0669510402775439
2,56203345,57429100,1.8504e-05,8.4052e-05,1.010578306721281e-05,3.5331830925164377e-06,1.0568e-05,0.01731925051737711,0.01731925051737711
2,57429100,58297315,5.4569e-05,7.9288e-05,-1.994227094578892e-06,3.0063812117282576e-06,0.00014551,0.8035057275381967,inf
2,58297315,60292000,7.316e-05,8.7446e-05,2.983956030992488e-06,3.7912791230019535e-06,3.5795e-05,0.13882685206812032,0.19755798202011932
2,60292000,62429044,7.1191e-05,8.7326e-05,-9.602173204111471e-07,1.1152714395789125e-05,3.4595e-07,0.13882685206812032,0.15362530879655933
2,62429044,64625913,0.00023523,9.6813e-05,-3.5465568781097963e-06,9.754152702344928e-06,1.4565e-08,0.035146826515043646,0.035146826515043646
2,64625913,65933444,0.00019391,9.4513e-05,1.2829972966434204e-05,8.528370843528071e-06,2.4733e-07,0.01711119955813228,0.01711119955813228
2,65933444,67226166,-5.8621e-06,8.2494e-05,-1.3614513016030407e-06,3.537154407779232e-06,0.00010645,0.15266719813283053,0.7836447785355798
2,67226166,68010176,1.6707e-05,8.3938e-05,-1.6407561930362613e-06,3.1480246854823715e-06,0.00012725,0.3358299854642063,inf
2,68010176,69139564,6.0634e-05,8.668e-05,3.06472005278176e-05,1.0880974113837945e-05,5.5353e-05,0.007148683533689851,0.007148683533689851
2,69139564,70755198,0.00023589,9.6849e-05,-2.2888629768507364e-05,1.3381121318704673e-05,4.6424e-07,0.23509920694490846,0.23509920694490846
2,70755198,73174848,3.1196e-06,8.3072e-05,-9.233978161155593e-07,1.3895957250104756e-05,7.4614e-07,0.048235876672645055,0.048235876672645055
2,73174848,75630086,-1.8465e-05,8.1676e-05,-6.787736012437699e-06,2.1528497318265804e-05,0.00040616,0.011112786933949733,0.011112786933949733
2,75630086,76913661,5.3155e-06,8.3212e-05,-1.246255832000364e-06,5.249545826201072e-06,0.00046467,0.12837979437063865,0.6405366823703249
2,76913661,78079264,0.00011897,9.0192e-05,2.0651502248271603e-06,2.308858191974104e-06,8.0258e-07,0.13233147127402448,inf
2,78079264,80050403,9.5049e-06,8.348e-05,-6.9077514419071745e-06,6.853942018788294e-06,5.349e-05,0.13233147127402448,0.3810195295079237
2,80050403,81620841,-3.3804e-05,8.067e-05,-1.6443380484948064e-06,2.7032862081507778e-06,0.00016426,0.4087774065051596,inf
2,81620841,85140680,1.9746e-05,8.4131e-05,8.525991636439755e-06,6.100195600136722e-06,0.00072639,0.007158489505283178,0.007158489505283178
2,85140680,88038507,5.2101e-05,8.6154e-05,-3.1714950034019356e-06,1.8273327818232892e-05,6.6664e-05,0.0046843376957424535,0.0046843376957424535
2,88038507,95326452,4.3689e-05,7.6545e-05,1.0093899424947606e-05,9.808387133570111e-06,0.000583,0.02790618147165279,0.02790618147165279
2,95326452,98995201,0.00015855,9.2499e-05,-1.0160668788885824e-05,1.8807108663111994e-05,0.00016946,0.053973093686742996,0.053973093686742996
2,98995201,101822329,0.00019003,9.4294e-05,2.083688682370887e-05,1.6253679030905887e-05,1.0208e-08,0.003038657620564626,0.003038657620564626
2,101822329,102688765,0.00074874,0.00011965,1.5641781914005513e-05,7.970537039831417e-06,6.9409e-17,0.00973102109928041,0.00973102109928041
2,102688765,103588215,9.8326e-05,8.6213e-05,-1.4095878793807038e-05,9.334077597006368e-06,2.7888e-05,0.32649709373123303,0.32649709373123303
2,103588215,105125034,5.4513e-06,8.3221e-05,1.0560879284097219e-06,3.3151070962399404e-06,0.0001277,0.14172210530672605,inf
2,105125034,106210058,6.5912e-07,8.2914e-05,-7.982489034897327e-06,7.4361654380225025e-06,0.00036808,0.14172210530672605,0.531143660756263
2,106210058,107408267,4.4752e-05,8.5699e-05,1.689102379534858e-05,6.690373396875815e-06,3.9947e-05,0.001610552230325096,0.001610552230325096
2,107408267,108429177,2.7668e-06,8.1498e-05,-1.9069234126690094e-06,3.727625842929511e-06,0.00043936,0.3241640833433394,inf
2,108429177,110572432,-2.0519e-05,8.1542e-05,2.5958881635327197e-06,1.1355262597695818e-05,1.3253e-05,0.023849057333378332,0.023849057333378332
2,110572432,113921856,0.00019049,9.432e-05,1.1106737329488342e-05,1.822683034835857e-05,1.7428e-10,0.011680305513233225,0.011680305513233225
2,113921856,116772470,1.5357e-05,8.3852e-05,-3.484793646641165e-06,8.866298627751365e-06,1.6852e-07,0.09677445650148012,0.09677445650148012
2,116772470,118367466,7.8955e-05,8.7798e-05,-2.0566569108026843e-06,2.7634332315340823e-06,3.7668e-05,0.5217579849659557,inf
2,118367466,121303783,0.00023068,9.6563e-05,1.2473009282880131e-05,1.3576926545936765e-05,1.2497e-08,0.016000281676982326,0.016000281676982326
2,121303783,123302906,7.3474e-05,8.7465e-05,1.3260331799381896e-07,6.944406848482742e-06,4.5001e-05,0.13733210803369922,0.13733210803369922
2,123302906,124732250,7.0797e-05,8.7302e-05,6.054781447020079e-06,1.7984881539166221e-06,0.00019772,0.0074975985087668345,inf
2,124732250,125840921,-3.4814e-05,8.0603e-05,6.489530670034123e-06,1.4923594537434384e-06,0.00065291,0.0074975985087668345,inf
2,125840921,127373764,8.8319e-06,8.3352e-05,1.201649186053574e-06,2.9200564744928144e-06,4.806e-05,0.0074975985087668345,inf
2,127373764,128034347,9.5894e-05,8.8819e-05,1.0117827326593716e-07,5.04392819397064e-06,2.8543e-05,0.16331329791677218,0.16331329791677218
2,128034347,129474441,-2.2485e-05,8.1414e-05,9.835075617319464e-07,1.1235758387353613e-05,0.00057702,0.08422327622359026,0.08422327622359026
2,129474441,130067170,3.2056e-06,7.0837e-05,-1.235109242768968e-07,1.6723010877101127e-06,0.0014248,0.28458657943995513,inf
2,130067170,130658085,-3.9127e-05,6.4366e-05,-1.42418570970077e-06,2.0887079412271547e-06,0.0018663,0.8500983175305463,inf
2,130658085,133042784,3.6628e-05,7.707e-05,-4.916722369489141e-06,1.448330843430022e-05,0.00011942,0.08769148406770678,0.08769148406770678
2,133042784,135158578,3.0643e-05,8.4817e-05,3.816051006498541e-06,6.130919491135767e-06,8.5723e-05,0.1151279548252788,0.1151279548252788
2,135158578,137042794,0.00045888,0.00010822,4.121483992536485e-06,1.1075771670247561e-05,1.8986e-06,0.0846950001016083,0.0846950001016083
2,137042794,138698117,2.359e-05,8.4373e-05,3.132724178457342e-06,4.219560052863484e-06,0.00076787,0.1275011519074303,0.1275011519074303
2,138698117,140100271,4.3532e-05,8.5623e-05,3.830480001274853e-06,4.1009617399642585e-06,1.4579e-05,0.07647519713590578,0.07647519713590578
2,140100271,141805351,2.8854e-06,8.3056e-05,-1.9674487305091163e-06,2.2982159872702153e-06,0.0003189,0.6563182032092572,inf
2,141805351,142518602,9.4561e-05,8.6882e-05,-6.335517415696666e-07,1.1172163712197297e-06,0.0001772,0.6563182032092572,inf
2,142518602,144519484,6.6821e-06,8.33e-05,-2.0362927924846643e-07,4.632348866054746e-06,7.379e-05,0.26185024226438236,0.3768987555821657
2,144519484,146445570,8.6526e-05,8.8256e-05,3.1347952177576284e-07,4.118505850723192e-06,0.00022865,0.20454408495615867,0.41284928350594907
2,146445570,147277162,7.3607e-05,6.7139e-05,6.839444913444706e-07,1.0762317351526097e-06,0.00022773,0.1947143927422656,inf
2,147277162,150210292,-5.3119e-05,7.9385e-05,-7.2812142891544144e-06,7.986202177252038e-06,0.00022467,0.1947143927422656,0.5101095006080136
2,150210292,151731462,-3.3889e-05,8.0664e-05,-2.7744946960323335e-06,5.097055100873239e-06,0.00028679,0.3362196726176917,0.4557642087859469
2,151731462,152486782,1.8112e-05,7.5124e-05,-9.684601399044055e-07,6.8770322270154606e-06,0.00024056,0.14121487570415855,0.14121487570415855
2,152486782,154005056,0.00027235,9.8834e-05,1.0518210195912438e-05,8.257976793733911e-06,1.001e-05,0.03405475418525228,0.03405475418525228
2,154005056,155391135,1.1711e-06,8.2947e-05,-3.5498432670731386e-06,4.557309992110371e-06,0.00047005,0.5902426638148563,0.5902426638148563
2,155391135,157560635,5.8942e-06,8.3249e-05,2.7376898926787692e-05,3.825520058135664e-06,7.8978e-05,0.0009452476201777282,0.008364492767030187
2,157560635,158533218,4.5265e-05,7.0398e-05,1.0399668578107426e-05,6.6345751867415515e-06,0.00020516,0.0009452476201777282,0.18847299342674367
2,158533218,159577082,2.5497e-05,8.4494e-05,-7.2908316160277175e-06,6.629763114511278e-06,7.3335e-05,0.44327663808698803,0.44327663808698803
2,159577082,161769733,4.7205e-05,8.5851e-05,2.81758284958303e-06,1.0501959149627387e-05,3.6474e-05,0.01871677238242593,0.01871677238242593
2,161769733,163503551,0.00012876,8.9351e-05,-7.940220931671392e-06,9.738540912847153e-06,8.1143e-11,0.016409412514744193,0.365062847309255
2,163503551,164466638,6.0016e-05,7.6663e-05,7.206511158781779e-06,2.933804986133175e-06,3.5479e-05,0.016409412514744193,inf
2,164466638,165178840,0.00020142,7.8602e-05,6.904472071583588e-07,2.1355012098129744e-06,0.00024016,0.08566853015429282,inf
2,165178840,167160270,0.00060302,0.00011528,7.888352577867235e-06,9.847969345501724e-06,2.0672000000000003e-31,0.040428575667013536,0.040428575667013536
2,167160270,167355970,-1.6234e-05,3.615e-05,-1.3666397707615866e-06,1.549599630474525e-06,0.0028131,0.6529678847212749,inf
2,167355970,169968236,2.218e-05,8.4284e-05,1.8749848709804803e-05,9.850952832152477e-06,3.8135e-06,0.01327399656463983,0.01327399656463983
2,169968236,171226245,-1.3305e-05,8.2012e-05,-7.519136413829836e-06,1.1181945752987242e-05,0.0020125,0.051947786063208067,0.051947786063208067
2,171226245,173138905,3.0778e-05,8.4826e-05,-1.063738439849879e-05,1.246121759851551e-05,1.0437e-05,0.11150728415392006,0.11150728415392006
2,173138905,175588929,4.9176e-05,8.5973e-05,1.8834125054747503e-06,1.1511175119718702e-05,1.3939e-06,0.06611664561002964,0.06611664561002964
2,175588929,177363636,-2.719e-05,8.1105e-05,-1.3303542796118512e-05,1.2766039042932108e-05,0.00011422,0.11650772831010556,0.20652338426130243
2,177363636,178553183,6.2834e-05,8.6815e-05,2.115311254269675e-05,7.188514513150886e-06,3.3484e-06,0.010735316455731751,0.010735316455731751
2,178553183,181312739,7.8003e-05,8.774e-05,2.3380025103083386e-05,1.1500923608459506e-05,1.0041e-08,0.005814207695082497,0.005814207695082497
2,181312739,182266031,0.0001476,8.8725e-05,-2.1628042230175645e-06,3.6895761002651763e-06,0.0014359,0.45393172329436426,0.45393172329436426
2,182266031,184357608,-1.5462e-05,8.1872e-05,8.22105495486821e-06,1.0198318104639124e-05,0.0002534,0.00904383347268307,0.00904383347268307
2,184357608,185280173,2.2885e-05,7.7681e-05,-1.9962803725393815e-06,2.155984699550171e-06,0.0031653,0.8003990750871446,inf
2,185280173,189882065,3.4202e-05,8.5041e-05,-1.2723280069571064e-05,1.0075109728427622e-05,7.6641e-09,0.20936311876285446,0.20936311876285446
2,189882065,191973357,-2.2084e-05,8.144e-05,-3.3308556158522547e-06,1.3735232394102786e-05,0.00011958,0.008992724017851252,0.008992724017851252
2,191973357,195861164,-4.4736e-05,7.9945e-05,2.8145903072820224e-06,7.1997655137732985e-06,0.00010706,0.11958237216173334,0.11958237216173334
2,195861164,196447456,0.00017422,7.3634e-05,2.6527426633688036e-08,1.0142154865900552e-06,0.00017647,0.308522641412771,inf
2,196447456,198078110,9.6779e-05,8.8872e-05,-1.2158427343668171e-05,9.156269509839347e-06,1.6242e-05,0.308522641412771,0.33887110779115354
2,198078110,199311125,0.00026388,9.1657e-05,3.419181379756247e-06,9.60583540325551e-06,0.00018233,0.08824770908199368,0.08824770908199368
2,199311125,201576284,-7.5601e-05,7.7862e-05,-8.238062241419367e-08,9.368816950314844e-06,0.00024378,0.030160252329605397,0.030160252329605397
2,201576284,202818637,0.00026368,9.8366e-05,2.5590321358983753e-05,1.4066611979253074e-05,3.1574e-05,0.014715906507864968,0.014715906507864968
2,202818637,205799241,3.1986e-05,8.4902e-05,1.785155539802211e-05,1.3275586232747429e-05,3.4998e-07,0.013392330269469007,0.03460332310458015
2,205799241,206735704,-4.4e-05,7.9994e-05,5.4814124085452654e-06,3.6398467411507824e-06,0.0015026,0.013392330269469007,inf
2,206735704,208645399,-1.0318e-05,8.2206e-05,-1.471314244853694e-05,1.2444892126301017e-05,0.00014042,0.11885987906057385,0.11885987906057385
2,208645399,209941529,3.311e-05,8.4972e-05,2.638627232158472e-05,1.0177276875700085e-05,0.00019653,0.0010531210544801883,0.0010531210544801883
2,209941529,212379518,-6.0667e-05,7.8877e-05,-2.4285207894647056e-06,9.395178216935852e-06,0.00082854,0.04485894074425714,0.04485894074425714
2,212379518,214014282,-6.4125e-05,7.8643e-05,-3.0001063489705465e-06,3.4686506581281636e-06,7.96e-06,0.6237132307666059,inf
2,214014282,215573795,-7.9902e-06,8.2356e-05,-4.464600571450378e-06,4.907186016398792e-06,0.0021474,0.46981727342210855,0.46981727342210855
2,215573795,217715661,-4.1327e-05,8.0172e-05,-2.0910263529752865e-05,1.16919430679563e-05,9.4719e-06,0.23356608796246142,0.23356608796246142
2,217715661,218395480,0.00014965,9.0744e-05,0.0,0.0,7.5063e-06,1.0,inf
2,218395480,220454551,1.7018e-05,8.3958e-05,-2.539718448340363e-05,2.41330071310685e-05,2.713e-05,0.009545076730315002,0.009545076730315002
2,220454551,222521176,-4.0046e-05,8.0257e-05,-2.799566231305705e-06,5.446164467123311e-06,6.4269e-05,0.30921576329821326,0.38205021138051154
2,222521176,224859419,0.00010266,8.9224e-05,-9.018084975494388e-06,1.0498520765473677e-05,7.7134e-07,0.08830257264212726,0.08830257264212726
2,224859419,225840004,8.0387e-05,8.6256e-05,8.901535237900969e-06,5.909861461560287e-06,0.000372,0.05287110761439342,0.07280581978942091
2,225840004,228119842,0.00053988,0.00011233,5.6011669968754604e-05,7.230946205706547e-06,8.1583e-17,1.967952294441066e-06,1.967952294441066e-06
2,228119842,229370787,-5.7934e-05,7.9061e-05,6.311450265153817e-06,9.324938542766288e-06,0.00015486,0.06358913648683655,0.06358913648683655
2,229370787,231843389,1.1731e-05,8.3622e-05,2.2027008507289468e-05,1.1497654862743043e-05,0.0001485,0.011467684874658789,0.011467684874658789
2,231843389,233550003,0.00010428,8.9321e-05,4.633252196517646e-06,1.6030101296659524e-05,9.858e-06,0.016893952382101843,0.016893952382101843
2,233550003,235150987,-3.5085e-05,8.0585e-05,1.088534677749716e-05,1.436738863716797e-05,7.7882e-06,0.034253652259759404,0.034253652259759404
2,235150987,236043550,-1.5544e-05,8.1866e-05,7.244066322032073e-06,3.893729644046246e-06,0.00010071,0.032889698196133715,0.032889698196133715
2,236043550,237449032,2.6191e-05,8.4537e-05,-9.493715521504636e-06,6.778852765865334e-06,0.00016547,0.07145807950197529,0.8916758060555606
2,237449032,238760981,0.00017484,9.3432e-05,3.4886024346601958e-06,9.196803765569269e-06,3.0053e-07,0.07145807950197529,0.1738397670839804
2,238760981,239952643,4.6023e-05,8.5777e-05,4.176211065002385e-06,1.0990161365777492e-05,0.00010852,0.05421083124517793,0.05421083124517793
2,239952643,241560084,-4.0825e-05,8.0205e-05,-1.3979433478130948e-05,1.0520903607009995e-05,6.0802e-05,0.2269505511056686,0.2269505511056686
2,241560084,242149921,0.00012221,9.0383e-05,-4.264107329017886e-06,1.0867077777951654e-05,1.6617e-05,0.13382555158686485,0.13382555158686485
2,242149921,243188920,0.00084335,0.00012589,1.2325044069399825e-05,1.297097444390434e-05,3.9878e-21,0.010375147149140675,0.010375147149140675
3,60157,1441779,-5.4113e-05,7.9318e-05,-2.2399107745554616e-06,3.759145499626779e-06,8.747e-05,0.30488227226632436,0.9056798825589816
3,1441779,2992120,-6.6594e-05,7.8476e-05,3.116077903220519e-06,3.9052538676209795e-06,0.0002526,0.04068289902230718,0.31016182569355527
3,2992120,4431647,-6.8751e-05,7.8329e-05,7.630084133440945e-06,7.244368271867255e-06,0.0002715,0.04068289902230718,0.05711526560228395
3,4431647,6083183,-5.1682e-05,7.9481e-05,-6.270980298978549e-06,6.443264511407705e-06,5.1793e-05,0.38420863415669715,0.38420863415669715
3,6083183,7083387,-3.7376e-05,8.0434e-05,5.3794153893418095e-06,1.717798275882411e-06,0.0010105,0.013646792774211448,inf
3,7083387,8648561,2.495e-05,8.4459e-05,1.0600612339533795e-05,3.697820450958315e-06,4.444e-07,0.013646792774211448,inf
3,8648561,9543183,4.6219e-05,8.579e-05,-5.5705156539139665e-06,8.769129357093542e-06,0.00034572,0.08643980210837897,0.18910358295979432
3,9543183,11019665,-2.8964e-05,8.0989e-05,-9.303627078831141e-06,1.7115015494310778e-05,0.00014569,0.03344601469789116,0.03344601469789116
3,11019665,13070799,0.00060155,0.00011521,-7.354766403887799e-06,1.2313057977062028e-05,4.5696e-41,0.08880977224714848,0.08880977224714848
3,13070799,14816900,-4.6031e-05,7.9859e-05,-5.331720482570091e-06,1.0922754851261514e-05,2.8949e-05,0.11864404865895474,0.11864404865895474
3,14816900,16282442,4.6718e-05,8.5821e-05,-1.8448511593339554e-05,1.19593865720707e-05,8.8089e-05,0.11493502964812356,0.2508421208922714
3,16282442,17891118,0.00063096,0.00011656,4.09502589614452e-06,7.493911476730655e-06,0.00011517,0.06245727042329775,0.06245727042329775
3,17891118,19125144,8.7513e-05,8.8316e-05,-5.447536820499273e-07,3.6207602753636204e-06,1.0747e-06,0.1052317379462112,0.5264154738545845
3,19125144,20091348,0.00027956,9.1174e-05,5.171446598928075e-06,6.206301595514419e-06,1.2849e-06,0.053498655741287066,0.053498655741287066
3,20091348,21643707,1.1247e-05,8.3591e-05,5.547837546914638e-07,4.7226627207517705e-06,1.2741e-06,0.139983163007048,0.7505920556377877
3,21643707,22204244,8.8569e-05,8.8379e-05,9.581440285382317e-07,1.1501310633784955e-06,0.00035819,0.139983163007048,inf
3,22204244,23804865,-1.2197e-05,8.2084e-05,1.595603785976422e-06,3.884971813707453e-06,0.00010846,0.139983163007048,0.2792114986621312
3,23804865,25461558,5.5084e-06,8.3224e-05,1.9121667497771617e-06,7.3705602679708795e-06,1.4793e-08,0.06694455123197997,0.06694455123197997
3,25461558,26877769,7.9195e-07,8.2922e-05,-7.448154510765126e-06,6.370292311482035e-06,0.00010688,0.48653152390661625,0.48653152390661625
3,26877769,27840910,0.00024575,9.739e-05,1.7990108722675477e-06,5.026347988800942e-06,6.8036e-07,0.08783988981563952,0.08783988981563952
3,27840910,29142260,-2.4951e-05,8.1252e-05,-5.991469752922938e-06,5.941779485906063e-06,0.0012357,0.18788904697894532,0.481468284761309
3,29142260,30717955,2.1016e-06,8.3006e-05,2.7234776356096034e-06,4.225543222791536e-06,2.2649e-05,0.18788904697894532,inf
3,30717955,32351715,3.0099e-05,8.4783e-05,2.3850060198915335e-06,6.9112659113545704e-06,2.7448e-05,0.046362396170039816,0.046362396170039816
3,32351715,33255592,-4.2882e-05,7.998e-05,1.1143313073309329e-05,9.619558808809546e-06,1.5087e-05,0.007349411622170652,0.007349411622170652
3,33255592,35283458,5.1208e-05,8.6099e-05,9.877936207697479e-06,6.8909165885142e-06,3.3519e-13,0.02043212126684018,0.02043212126684018
3,35283458,36486842,7.4519e-05,8.7366e-05,-1.2752169876480712e-06,3.1571367244554204e-06,0.00029729,0.4079187369908229,inf
3,36486842,38356116,6.8818e-05,8.7181e-05,9.706682789270515e-06,1.2963758414216753e-05,9.8455e-05,0.006774040040428036,0.006774040040428036
3,38356116,40221298,-3.4286e-05,8.0638e-05,3.7289042952553343e-06,1.3739127524122344e-05,4.6039e-05,0.015188392640138305,0.015188392640138305
3,40221298,41064528,2.4181e-05,6.2314e-05,-4.630515369174071e-06,7.446948136023522e-06,0.0013098,0.10413528419964295,0.10413528419964295
3,41064528,42540002,0.00015484,9.2286e-05,-1.6947046361698864e-06,7.22991355786562e-06,2.5845e-05,0.17890967485247206,0.17890967485247206
3,42540002,45165153,-2.6805e-05,8.1131e-05,-5.603066078556585e-06,1.9463253925802433e-05,0.00065168,0.012210610502575842,0.012210610502575842
3,45165153,46657500,7.4571e-05,8.7532e-05,1.635302527929017e-05,1.4267391512595414e-05,2.7074e-06,0.0031631421526113405,0.0031631421526113405
3,46657500,47727212,0.0004042,9.3216e-05,-1.0372291373567392e-05,1.3383004500449445e-05,1.4409e-17,0.08839401836303813,0.08839401836303813
3,47727212,49316972,0.00049443,9.5523e-05,3.8759302637455175e-06,2.087909455593336e-05,3.2065e-20,0.04955197308340735,0.04955197308340735
3,49316972,51832015,0.0003079,9.5747e-05,9.205918626700459e-06,2.3140858414169224e-05,8.7267e-16,0.0001826226346512388,0.0001826226346512388
3,51832015,54081390,0.00017089,9.3207e-05,7.233168612338315e-05,2.2737694291992838e-05,2.9678e-07,1.4378398321871798e-10,1.4378398321871798e-10
3,54081390,55348860,-6.5664e-06,8.2448e-05,2.0543977641446545e-07,5.061008650423096e-06,0.00010254,0.1111481090893912,0.24129708376889994
3,55348860,56433907,9.4742e-05,8.875e-05,-1.959544825682278e-06,4.381123614653303e-06,0.00016367,0.32827209250916156,0.32827209250916156
3,56433907,58157519,3.6784e-05,8.5202e-05,2.926323965558357e-06,1.1798861285511555e-05,6.8576e-05,0.0505035132164331,0.0505035132164331
3,58157519,60272906,-1.0414e-05,8.2199e-05,-8.639688394502493e-06,1.0293619604736968e-05,1.3519e-05,0.13504037111657713,0.13504037111657713
3,60272906,62355666,-9.8853e-06,8.2234e-05,1.1731843467685101e-05,5.095719619652798e-06,4.3122e-05,0.022314875264508514,0.022314875264508514
3,62355666,63669286,-5.5643e-05,7.9215e-05,1.0578547044196482e-05,5.187945062123076e-06,2.5389e-05,0.03028291636862663,0.03028291636862663
3,63669286,65273538,5.0378e-05,8.6047e-05,-3.312145180373929e-06,7.507624664112855e-06,4.4845e-05,0.19560306895893134,0.25392703400649186
3,65273538,66270447,-1.1633e-05,8.212e-05,-7.914814056566368e-08,4.022615547751905e-06,0.0020307,0.2356221897658398,inf
3,66270447,68286914,-1.9948e-05,8.158e-05,1.588639191932441e-05,6.064143019657033e-06,1.3409e-05,0.024540375467853353,0.024540375467853353
3,68286914,69276762,2.4236e-05,8.433e-05,2.412795722315992e-06,8.177709352222098e-06,0.00043456,0.048351866477179595,0.048351866477179595
3,69276762,70449028,0.00010647,8.9452e-05,-5.700338519676709e-07,4.306071899708687e-06,6.2016e-07,0.24910632682228445,0.4699929532706125
3,70449028,72529329,6.5805e-05,8.6997e-05,-9.087075768363864e-07,6.641935812579874e-06,1.0047e-11,0.10722953638660376,0.10722953638660376
3,72529329,74321817,-3.3793e-05,8.0671e-05,9.521246589409554e-07,6.68446562183865e-06,1.6917e-05,0.03513162013173403,0.03513162013173403
3,74321817,75704949,0.00040098,0.00010554,-2.7018736031646416e-06,2.8619515357721043e-06,4.2976e-05,0.753326629681561,inf
3,75704949,77508835,-4.549e-06,8.2578e-05,-1.526551630747814e-06,2.8593901905829e-06,0.0012237,0.39449400880052143,inf
3,77508835,79024541,2.2556e-06,8.3016e-05,3.2662470623838484e-07,1.6883669397905742e-06,3.7399e-05,0.21415166349926754,inf
3,79024541,81427310,0.00017247,9.3297e-05,1.6779152888628782e-07,2.200618315261276e-06,5.6635e-06,0.21415166349926754,inf
3,81427310,82643886,0.00023541,8.9911e-05,-7.261149918735941e-07,1.2729155085271826e-06,0.0001798,0.6601975470524528,inf
3,82643886,84367479,5.1423e-05,8.5947e-05,4.4113330363013407e-07,1.3788051558235841e-06,5.8823e-05,0.10929984790486728,inf
3,84367479,85582231,0.00018167,8.9883e-05,1.6651899787313403e-06,1.5054086238058734e-06,9.0764e-05,0.10929984790486728,inf
3,85582231,87409732,7.6146e-05,8.7628e-05,1.642067331705772e-07,4.859886326675654e-06,7.3885e-05,0.10929984790486728,0.17513836908799685
3,87409732,88298373,0.00041938,9.4604e-05,-1.1222098816771497e-06,6.22823374287512e-06,0.00056179,0.14930125423537297,0.14930125423537297
3,88298373,94255316,7.0779e-05,8.7301e-05,-6.0141381853533335e-06,7.945560076189808e-06,0.00029302,0.20178646845339163,0.3749013895167733
3,94255316,95311971,0.00085708,0.00011852,-3.5851104627356907e-07,2.1658141047158203e-06,0.0012748,0.3814875698219218,inf
3,95311971,98215950,0.0001193,9.0212e-05,-9.778895838933463e-06,1.1664061385517428e-05,0.0010149,0.08546118111469655,0.08546118111469655
3,98215950,99373762,0.00043744,0.00010663,-4.425503315309784e-07,7.797947538600662e-06,1.7035e-05,0.12076627972054843,0.12076627972054843
3,99373762,100592217,0.00087041,0.00012288,3.1311191028135705e-06,1.0029447940020271e-05,2.523e-06,0.009360002269487919,0.009360002269487919
3,100592217,103084960,0.00012653,9.0638e-05,-9.088775647782478e-06,1.0492671766771562e-05,2.9962e-06,0.14703456457325506,0.14703456457325506
3,103084960,104581613,-2.8948e-05,8.099e-05,-1.567734113508963e-06,2.0929947091278824e-06,0.00023747,0.590971700709485,inf
3,104581613,106982811,1.0004e-05,8.3512e-05,-2.7179201973012457e-06,4.32867260442581e-06,1.3551e-09,0.3146565210862884,0.6629680562140794
3,106982811,109522395,-6.5519e-06,8.2449e-05,5.910807079765165e-07,1.1672517480471572e-05,3.8058e-12,0.0175936496078753,0.0175936496078753
3,109522395,110513770,0.00014554,8.1521e-05,-8.382370737398174e-07,1.2844540660766787e-06,0.0020591,0.7812919420013145,inf
3,110513770,112815699,-1.9415e-05,8.1614e-05,-4.1132484519190735e-06,1.4625253871407859e-05,3.2986e-06,0.09989861731134624,0.09989861731134624
3,112815699,113947863,9.8102e-07,8.2934e-05,-2.210412463818558e-05,1.3382350669911584e-05,0.00059139,0.024128748692390914,0.3598528100458288
3,113947863,115447080,6.5077e-05,8.6952e-05,7.200638044933895e-06,4.9416372227670595e-06,2.6349e-06,0.024128748692390914,0.6012983903091953
3,115447080,116800153,3.9517e-05,8.5373e-05,-1.6993320363988049e-06,2.322380456215796e-06,3.8835e-05,0.514006485879516,inf
3,116800153,118530251,7.9025e-06,8.3378e-05,-3.351565385144804e-07,3.040814499020986e-06,0.00061697,0.2300965198050804,inf
3,118530251,120523055,-2.2099e-05,8.1439e-05,-2.9832910231787884e-06,1.5212466826375397e-05,0.0002382,0.004648103289465396,0.004648103289465396
3,120523055,121974097,0.00034714,0.00010083,1.8795598274611996e-05,1.294516275362601e-05,8.2086e-05,0.038600362101550365,0.038600362101550365
3,121974097,123517768,0.00012469,9.0529e-05,5.899342460579979e-06,1.353469890400733e-05,3.8321e-05,0.01700244455894451,0.01700244455894451
3,123517768,124936642,6.1568e-05,8.6737e-05,3.0601994449885167e-06,9.211245567661346e-06,2.7225e-05,0.05301821481620826,0.0727686389787053
3,124936642,126214943,0.000226,9.6304e-05,7.637007803217204e-06,1.0061394284678641e-05,6.4879e-07,0.040827154084453414,0.040827154084453414
3,126214943,128194861,4.9051e-07,8.2903e-05,3.678840584150836e-05,1.2934566341587446e-05,0.00016345,6.614666256170835e-05,6.614666256170835e-05
3,128194861,130244735,0.00010002,8.9066e-05,-2.5083193392343335e-05,1.587159711582403e-05,1.5067e-05,0.09275004242339295,0.09275004242339295
3,130244735,131836516,4.4887e-05,8.5707e-05,8.15761746125349e-06,9.279613948582073e-06,8.693e-05,0.004971944385590859,0.004971944385590859
3,131836516,133252173,0.00023613,9.6862e-05,2.05704407669594e-05,9.407252085989297e-06,6.5955e-15,0.00038357537184613525,0.00038357537184613525
3,133252173,135456906,5.297e-05,8.6208e-05,-1.2772684325336258e-05,1.1311173893391708e-05,8.5648e-11,0.07337688507938744,0.07337688507938744
3,135456906,137371083,0.00045039,0.000108,1.6926372507865877e-06,7.873137457539623e-06,2.2065e-09,0.04245519296499964,0.04245519296499964
3,137371083,139954597,9.1355e-06,8.3456e-05,3.805923861504389e-07,1.4243595209119573e-05,9.8494e-06,0.032324557809928836,0.032324557809928836
3,139954597,141339097,0.00010705,8.9486e-05,-4.471364617278285e-06,8.048976893637191e-06,8.6767e-07,0.1140817819864346,0.1140817819864346
3,141339097,143164628,1.0779e-05,8.3561e-05,-5.857654778618676e-06,1.1965802235386672e-05,0.00045193,0.0087907818446765,0.0087907818446765
3,143164628,144410816,-1.3193e-05,8.2019e-05,-6.690397760963559e-07,3.441063568578452e-06,0.0010234,0.21227463409349362,inf
3,144410816,145664619,0.00013567,9.1173e-05,-2.0803534441519036e-06,2.811762174703153e-06,6.621e-05,0.6177855857306778,inf
3,145664619,146726629,0.00012357,9.0463e-05,-9.076131629397312e-06,6.641706089922858e-06,5.2343e-05,0.4146269249896094,0.7291120716669375
3,146726629,149043237,-7.8536e-06,8.2365e-05,7.94466250649353e-06,9.628101731400524e-06,7.1154e-05,0.015573841171914406,0.015573841171914406
3,149043237,150252004,8.7368e-05,8.8307e-05,2.397360871263442e-06,9.533434127872484e-06,9.5141e-06,0.12150198459572115,0.12150198459572115
3,150252004,151348730,7.6013e-05,8.7619e-05,1.7818392336765768e-05,1.160772854431852e-05,7.9876e-05,0.013831173138857443,0.013831173138857443
3,151348730,153256571,0.00022346,9.6164e-05,-2.26112846707613e-06,7.849920869212292e-06,8.7611e-10,0.2909851462614273,0.2909851462614273
3,153256571,154714218,0.00044873,0.00010792,-4.3642746144724795e-06,5.904841639458178e-06,1.3482e-05,0.33633223241993093,0.3626539981794734
3,154714218,156008700,0.00015456,9.2269e-05,-6.704439680107759e-06,7.161533257346082e-06,7.7447e-05,0.24523847857437064,0.37041901772068697
3,156008700,157312028,0.00029336,9.9959e-05,-1.004089543704206e-06,8.240229661040394e-06,3.3747000000000004e-19,0.029385344777929995,0.2188896690380271
3,157312028,159477890,7.2983e-05,8.7435e-05,-3.825088340314919e-06,9.928374958589867e-06,1.5292e-05,0.029385344777929995,0.21776772801857602
3,159477890,161524504,5.6038e-05,8.6397e-05,-8.670228207797005e-06,1.106616747438429e-05,0.00059624,0.05528561613341691,0.05528561613341691
3,161524504,163253205,9.0347e-05,8.8406e-05,-2.0135044107082716e-06,2.6735633072237045e-06,6.604e-05,0.6327296504801334,inf
3,163253205,165055469,7.1049e-05,8.7155e-05,-1.3356370684892604e-06,3.4228989627849494e-06,2.325e-05,0.28377435279322527,inf
3,165055469,167117429,-1.8093e-05,8.17e-05,7.704611730700628e-06,4.891316115027961e-06,0.00040931,0.02501532655060688,0.02501532655060688
3,167117429,168580960,7.7705e-05,8.7722e-05,5.513013382533481e-06,7.268185569077262e-06,0.00026672,0.07503648104007633,0.07503648104007633
3,168580960,170964909,0.00014511,9.1722e-05,1.8679645797779394e-05,1.3142511219847403e-05,5.127e-06,0.01610515384303915,0.01610515384303915
3,170964909,172295731,3.5035e-05,8.5093e-05,2.226371273777751e-05,7.558686382403881e-06,2.0327e-08,0.005211461943869802,0.017857709561483193
3,172295731,173477285,1.2243e-05,8.3654e-05,1.1279048080400587e-05,5.83482732016159e-06,6.0815e-10,0.005211461943869802,0.06581994011767027
3,173477285,175116539,5.6486e-05,8.6425e-05,2.3764086325258175e-06,2.9324218436835e-06,3.5591e-05,0.07631996244583703,inf
3,175116539,176320287,2.3641e-05,8.4377e-05,-1.0763759027553997e-06,1.7289862123109372e-06,0.00070165,0.42973748718717053,inf
3,176320287,178107165,4.7291e-05,8.5856e-05,-1.6383539895755169e-06,3.0365714545282532e-06,0.00020784,0.42973748718717053,inf
3,178107165,179374586,0.0001081,8.9548e-05,-7.996994460340394e-06,9.835575133422715e-06,0.00018631,0.09897947957968137,0.09897947957968137
3,179374586,181511166,-3.7746e-06,8.2628e-05,-5.226512476475263e-06,8.272892583542756e-06,0.00031358,0.16681022886896613,0.16681022886896613
3,181511166,183769683,3.5995e-05,8.5153e-05,6.060562791917313e-08,1.2057114772589509e-05,3.3968e-06,0.060841236295623644,0.060841236295623644
3,183769683,185068255,-3.8434e-05,8.0364e-05,-1.2847520366765534e-05,1.5462698431739423e-05,5.6996e-05,0.10590567670946438,0.10590567670946438
3,185068255,186890344,0.00011048,8.969e-05,-1.83804090651445e-06,1.4338327998100282e-05,8.442e-06,0.024157120859887648,0.024157120859887648
3,186890344,188856214,-6.6064e-06,8.2446e-05,-1.0019971969511612e-05,8.396785845751679e-06,3.8947e-05,0.05987150976326405,0.527630797230586
3,188856214,190226607,-3.2175e-05,8.0777e-05,-9.892483649653817e-06,7.53585890880856e-06,9.0956e-05,0.4693386330099776,0.5668128098422481
3,190226607,192343814,2.3156e-06,8.302e-05,4.89344765288046e-06,8.055318645518759e-06,0.00029111,0.055831755127074965,0.055831755127074965
3,192343814,194059671,-2.2785e-05,8.1394e-05,-2.290568483748969e-06,8.601036436495845e-06,0.000829,0.06271010673276975,0.1378554414749536
3,194059671,194786674,-7.0711e-06,8.2416e-05,-6.6140483244941676e-06,8.215184300470759e-06,1.5723e-05,0.09272843412210717,0.09272843412210717
3,194786674,195971408,0.00021474,9.5679e-05,-1.3743086629967326e-05,1.0126797027222934e-05,1.3835e-07,0.142464463849904,0.142464463849904
3,195971408,197075987,5.9568e-05,8.6614e-05,1.1894927245137299e-05,1.3518569461683316e-05,0.00027802,0.011893064441555084,0.011893064441555084
3,197075987,197946622,0.00010379,8.5063e-05,1.2478328180060674e-05,8.755800031799955e-06,0.00027693,0.02626075338979225,0.03760077590792199
4,10240,694715,3.1519e-05,5.4902e-05,1.4616189647415705e-05,9.009249081094576e-06,0.00021902,0.03270885343675566,0.03270885343675566
4,694715,1478711,0.00061505,0.00011583,-3.466260351529375e-06,1.2007121197441826e-05,8.4861e-05,0.08245754289901891,0.08245754289901891
4,1478711,2842979,0.00012348,9.0458e-05,-1.0353929058018015e-05,1.353655886177666e-05,8.8291e-07,0.07645590887873037,0.07645590887873037
4,2842979,3846040,0.0021468,0.00017242,4.095162379072359e-05,1.0627314664243641e-05,3.0083e-67,7.700612442500466e-06,7.700612442500466e-06
4,3846040,4684116,7.5703e-05,8.7601e-05,-1.3283961330669028e-05,8.253618010361562e-06,3.3064e-05,0.34774936342411855,0.5248139220226495
4,4684116,5502388,2.7128e-05,8.4596e-05,-2.296865474536083e-06,5.649036562183848e-06,0.0002676,0.2964365667233375,0.2964365667233375
4,5502388,6773043,-2.9602e-05,8.0947e-05,-7.999998541678572e-06,1.1428628453698464e-05,1.9914e-05,0.06401785977815302,0.06401785977815302
4,6773043,7539692,-5.3272e-05,7.9375e-05,-9.60172875334404e-06,7.738694366775522e-06,0.00012207,0.39495491967297114,0.5268361370252861
4,7539692,8152235,-3.8721e-05,8.0345e-05,-9.60708820322563e-07,4.806157396109063e-06,0.00042045,0.13177473032321094,0.21740822825569345
4,8152235,9326479,1.5822e-05,8.3882e-05,-7.896526881843687e-07,8.623338196673612e-06,0.00010647,0.13177473032321094,0.14421751496284133
4,9326479,10699152,0.00026558,9.4272e-05,-2.5206698609755175e-06,7.504784092509738e-06,0.001399,0.022447379439686495,0.3025806672661431
4,10699152,12323034,3.9263e-05,8.5357e-05,4.344402861933567e-06,3.7160629953343125e-06,0.00018567,0.022447379439686495,inf
4,12323034,14272001,-6.877e-05,7.8328e-05,8.851885476478422e-08,5.619681497142396e-06,0.00021116,0.21591223275210394,0.3704101635883438
4,14272001,15147446,0.00037679,0.00010431,-4.4719774625236215e-07,3.063672635692304e-06,8.1252e-11,0.21591223275210394,inf
4,15147446,15927009,9.4253e-05,8.5961e-05,-1.9887416134558636e-06,8.403853472981621e-06,0.00094071,0.04331344983572155,0.04331344983572155
4,15927009,17383322,2.2476e-05,8.4303e-05,4.859140978470405e-06,7.109578910258318e-06,4.3551e-05,0.03180661849403398,0.03180661849403398
4,17383322,18841874,2.6569e-05,8.4561e-05,-5.83604052914532e-06,8.523843416200395e-06,0.00052552,0.23238902061674216,0.23238902061674216
4,18841874,20544557,-3.8142e-05,8.0383e-05,-2.2521298661490356e-06,3.3361320519229983e-06,0.00026398,0.31757741746749923,inf
4,20544557,22319347,-5.2825e-05,7.9405e-05,6.423042115136746e-06,4.808155325659565e-06,4.3744e-05,0.06834331957532432,0.06834331957532432
4,22319347,24135529,9.909e-05,8.9011e-05,5.227683413700021e-07,3.8050158245209894e-06,1.4469e-05,0.167947292368879,inf
4,24135529,25609322,-2.697e-05,8.112e-05,2.9723181652587195e-05,9.444927548714735e-06,0.00052654,0.0032246700302805357,0.0032246700302805357
4,25609322,27343722,0.00012642,9.0631e-05,8.581032166109967e-06,7.966415467034971e-06,1.3080000000000002e-30,0.030710200865401507,0.030710200865401507
4,27343722,27965868,8.1293e-05,8.1062e-05,1.8197472083080962e-06,1.2335259226246613e-06,0.0016017,0.07895391108205961,inf
4,27965868,29762208,-6.6012e-06,8.2446e-05,-6.217115861237049e-08,8.794162445956164e-08,8.9211e-05,0.9884815433023327,inf
4,29762208,30454535,0.00010758,7.3721e-05,-4.199417712579551e-07,5.94011151908982e-07,0.00050582,0.9884815433023327,inf
4,30454535,31782981,0.00019819,9.4754e-05,-8.057897009080181e-07,1.1397962793721456e-06,9.8825e-07,0.9884815433023327,inf
4,31782981,33172766,5.4243e-05,8.6286e-05,-8.429958308252274e-07,1.1924246616928484e-06,7.6002e-05,0.9884815433023327,inf
4,33172766,35151415,5.1668e-05,8.5797e-05,-7.119032296536435e-07,2.0339606832528056e-06,0.0013452,0.4214434025426257,inf
4,35151415,36020436,4.4155e-06,8.1083e-05,-2.675627475448578e-07,1.0697672736971343e-06,0.00051604,0.4214434025426257,inf
4,36020436,37255047,5.2921e-05,8.6205e-05,-3.7226272391485035e-06,4.033259058866251e-06,0.00051399,0.4214434025426257,0.7230750849450018
4,37255047,38907022,-4.1175e-05,8.0182e-05,-6.833869812840354e-06,9.515914502252453e-06,3.726e-06,0.08625039294480989,0.08625039294480989
4,38907022,40202609,7.9008e-05,8.7801e-05,-1.3427537764519566e-05,1.1201507865561573e-05,1.1043e-07,0.09245389366973422,0.09245389366973422
4,40202609,42213058,3.6753e-05,8.52e-05,6.170307004837668e-06,1.0956261521990712e-05,9.7999e-09,0.0459566986289131,0.0459566986289131
4,42213058,43965045,3.5448e-05,8.5118e-05,-3.3371907171511802e-06,5.960022981250279e-06,7.2753e-06,0.2947894552239587,0.2947894552239587
4,43965045,45189157,7.1316e-05,8.7334e-05,-3.7876052756654136e-06,5.614893574967723e-06,0.00018103,0.3087033376090957,0.4170151800413001
4,45189157,47411896,-2.0197e-05,8.1563e-05,-1.7448939669617737e-06,6.863257891759564e-06,0.00055579,0.06741242075181289,0.06741242075181289
4,47411896,48123600,8.7493e-05,7.7091e-05,-5.439173132434914e-06,7.98148489149896e-06,0.0031322,0.22646622723187712,0.22646622723187712
4,48123600,53877433,-1.2739e-05,8.2049e-05,5.214032458469113e-05,1.2417941643002384e-05,0.000853,0.004946229917721039,0.004946229917721039
4,53877433,55429556,0.00011212,8.9787e-05,1.519313424040297e-05,8.068776329049624e-06,4.4997e-07,0.0015142903763189072,0.0015142903763189072
4,55429556,56547644,0.00034672,0.00010276,3.4355782983566525e-05,8.085920563507347e-06,6.9916e-12,0.0019250752167422251,0.0019250752167422251
4,56547644,58935008,-1.465e-05,8.1925e-05,-1.4552178383545464e-05,1.254943587308793e-05,1.0142e-06,0.08588683658052945,0.08588683658052945
4,58935008,60741087,0.00014416,9.1667e-05,1.6134661150603103e-06,1.896997907743947e-06,4.088e-05,0.15050356877733703,inf
4,60741087,62371763,1.5408e-05,8.3855e-05,7.129122318587932e-07,1.4847316765248228e-06,0.00044203,0.1950504551584612,inf
4,62371763,64341001,-1.3091e-06,8.2787e-05,2.4452075521935404e-06,1.5874208426469954e-06,0.00085534,0.044067365490316555,inf
4,64341001,66600492,-5.242e-05,7.9432e-05,6.035094138449801e-06,3.0094449965825872e-06,0.0010625,0.044067365490316555,inf
4,66600492,68059497,8.6055e-06,8.3422e-05,-2.64700012056625e-07,2.7170011754178343e-06,0.00015854,0.2109652980800504,inf
4,68059497,68854765,8.5429e-05,7.8857e-05,-6.815263846580151e-06,7.201546608804961e-06,0.00028292,0.19186910502008836,0.19186910502008836
4,68854765,71049152,-1.6756e-05,8.1788e-05,-5.3796282066674765e-06,1.5317641511224492e-05,6.8697e-05,0.07440301655135623,0.07440301655135623
4,71049152,72140558,0.00011433,8.3203e-05,7.222543919135993e-06,1.3583385820355275e-05,0.00093571,0.004708238620499627,0.004708238620499627
4,72140558,74592390,0.00018062,9.3761e-05,0.0018178253132287762,1.0383649110190339e-05,2.7704e-42,5.075550187231885e-171,5.075550187231885e-171
4,74592390,77130707,0.00011766,9.0115e-05,-3.41762029626943e-06,1.7829629816880582e-05,8.1128e-14,0.026873545164120934,0.055079875217327656
4,77130707,79093979,0.00012955,9.0815e-05,3.965897733805801e-06,1.1023894664647626e-05,7.877e-13,0.010260064893252286,0.010260064893252286
4,79093979,80990297,-2.3068e-06,8.2723e-05,5.110996462769169e-06,8.432625555311308e-06,7.0641e-05,0.13623347518499654,0.13623347518499654
4,80990297,82125315,8.2224e-05,7.6726e-05,-5.534775648194076e-06,6.7061721958539e-06,7.3622e-05,0.38120306331501763,0.38120306331501763
4,82125315,83372593,2.1384e-05,8.4234e-05,-4.967400391677278e-06,6.264235474322421e-06,1.5541e-06,0.2512375059338044,0.2512375059338044
4,83372593,84799656,1.0707e-05,8.3556e-05,-1.13714893094533e-05,1.1438496822481804e-05,5.5503e-06,0.1901641174806279,0.1901641174806279
4,84799656,86930609,3.7707e-05,8.526e-05,3.611849355264963e-07,6.737522060675128e-06,0.00011756,0.11324851410946804,0.11324851410946804
4,86930609,87534648,4.4921e-05,5.7057e-05,-2.344046242809526e-06,3.576511323909298e-06,0.0001021,0.32706594287799967,0.5856838909142006
4,87534648,89238028,8.0509e-05,8.7892e-05,4.689526030299806e-06,1.4999693730779985e-05,1.2335e-05,0.05088771756025358,0.05088771756025358
4,89238028,90231564,5.9036e-05,8.6582e-05,2.4688629752525414e-06,8.220994455114923e-06,3.1386e-05,0.041122295113210076,0.041122295113210076
4,90231564,91560677,2.4317e-06,8.3027e-05,1.70374339933484e-06,5.2816535708715525e-06,7.7669e-05,0.16955006573146647,0.22105882530946624
4,91560677,94233299,-1.6112e-05,8.183e-05,9.81395028585708e-07,3.507766125279445e-06,4.5568e-05,0.1462176078190966,1.0
4,94233299,96182188,5.1069e-05,8.609e-05,-1.371673635238783e-06,7.4604551781240656e-06,0.00029941,0.1462176078190966,0.20720767531618095
4,96182188,97540703,-7.9133e-06,8.2361e-05,1.519837588948309e-05,3.857950095145909e-06,0.00038401,0.0039859933547474165,inf
4,97540703,99424067,6.001e-05,8.6641e-05,2.2165332082693514e-06,4.715622958329948e-06,0.00043257,0.0039859933547474165,0.1514235555252146
4,99424067,100678360,0.00023074,9.6566e-05,-1.4561986337244054e-05,1.1808867536861275e-05,7.865e-13,0.11593397760663073,0.11593397760663073
4,100678360,103221356,0.00019196,9.4403e-05,-1.290421959787764e-05,9.48053988287456e-06,7.8102e-33,0.25181346748393674,0.25181346748393674
4,103221356,105305294,0.00030226,0.00010043,1.0283219219365833e-05,1.011009795049425e-05,2.858e-18,0.03588209467160161,0.03588209467160161
4,105305294,107501305,8.9716e-05,8.8448e-05,9.670613375945759e-05,9.266815768613053e-06,1.9998e-05,1.083784071015143e-08,1.083784071015143e-08
4,107501305,108815348,3.1002e-05,8.484e-05,1.5067384910701218e-05,5.679323956909653e-06,7.0072e-05,0.00430130739132611,0.00430130739132611
4,108815348,111256567,5.3139e-05,8.6218e-05,-3.081498907774802e-06,1.365248404613521e-05,6.6708e-06,0.02083380400696783,0.02083380400696783
4,111256567,113870102,1.4757e-05,8.3814e-05,1.465313944991023e-05,9.785433412798422e-06,1.2923e-05,0.015278373921423493,0.015278373921423493
4,113870102,115666246,-3.4543e-05,8.0621e-05,-5.292911336053254e-07,6.429236049296129e-06,1.9066e-05,0.06364351523089687,0.6778634064348539
4,115666246,117276929,7.5553e-05,8.7592e-05,5.153315603615565e-07,3.401065054870596e-06,0.00071995,0.06364351523089687,0.29317945273266677
4,117276929,118479918,7.1938e-05,8.7371e-05,-1.4270605892754705e-06,2.5075955367298763e-06,0.00058955,0.6586416321464978,inf
4,118479918,119933512,3.062e-05,8.4816e-05,1.8189917323033626e-05,7.021928175401616e-06,0.0002338,0.003885261707369812,0.003885261707369812
4,119933512,120392684,6.679e-05,6.0595e-05,-9.409756099604986e-07,6.69875773952068e-06,7.513e-05,0.22681002157371008,0.22681002157371008
4,120392684,122657987,-4.1757e-05,8.0143e-05,2.3318462032256744e-06,8.69589707512696e-06,0.00011455,0.07954193128306668,0.07954193128306668
4,122657987,124286481,8.3921e-05,8.8099e-05,-1.0231294539712798e-06,1.1757383546160233e-05,0.00057874,0.03374881678610291,0.03374881678610291
4,124286481,125210862,0.00019386,9.3832e-05,-2.311378965814038e-06,2.979840032074431e-06,2.4238e-09,0.6454964049403427,inf
4,125210862,126480886,2.7391e-05,8.4613e-05,1.765356320375685e-06,2.7458606983001887e-06,0.00016063,0.026458502892997723,inf
4,126480886,127275477,1.7387e-05,8.1497e-05,4.8902675398690445e-06,1.7616479077399873e-06,0.00036299,0.026458502892997723,inf
4,127275477,127830293,0.00020995,8.3018e-05,4.06689253138504e-07,1.1198584842230988e-06,0.00038792,0.026458502892997723,inf
4,127830293,128996665,0.0019645,0.00015848,4.67826478313387e-06,7.742615547952802e-06,4.7619e-13,0.007323246921502454,0.011742537601884805
4,128996665,130591885,0.00014725,9.1847e-05,1.8982102354667424e-05,6.6565720705503246e-06,5.9244e-14,0.007323246921502454,0.11318566560814838
4,130591885,131283821,3.0731e-05,7.1798e-05,4.110179852524832e-06,1.090713019003381e-06,0.0041838,0.011876316131466653,inf
4,131283821,132954033,3.5487e-05,8.5121e-05,8.284896504858484e-06,1.6880424086406437e-06,0.0016225,0.011876316131466653,inf
4,132954033,134628434,0.00023209,9.664e-05,6.77617937987279e-06,2.152323692732171e-06,0.0004138,0.01939497211914328,inf
4,134628434,136566407,-7.061e-05,7.8203e-05,-2.0523181841095634e-06,2.951457491528719e-06,0.00016875,0.8974344937670208,inf
4,136566407,138541971,-2.0362e-05,8.1552e-05,-2.16145708330791e-06,2.9252799944718527e-06,7.5081e-05,0.8061979847865091,inf
4,138541971,139556511,5.5236e-05,8.6348e-05,-1.742485369888991e-07,3.3369466182530076e-06,3.3314e-05,0.026484317568066088,0.3482864857754886
4,139556511,141084631,-6.0585e-05,7.8882e-05,1.3315584942368086e-05,9.897740597319972e-06,0.00020048,0.026484317568066088,0.028665547256683032
4,141084631,143443265,1.978e-06,8.2998e-05,-6.4117422152502155e-06,9.420050157970191e-06,1.9497e-07,0.09796886804925589,0.20147366192377436
4,143443265,146178187,0.00032098,0.00010142,1.822627460551958e-05,1.0751883521770515e-05,1.5727e-07,0.0012216492863250563,0.0012216492863250563
4,146178187,148521873,4.2505e-05,8.5559e-05,-1.3701900258164063e-05,1.0055694845192634e-05,2.8781e-07,0.20941920048576054,0.2786496039220672
4,148521873,150683580,0.00017572,9.3483e-05,-6.66153269029053e-06,6.382957670663553e-06,1.5507e-05,0.4199193284626809,0.4199193284626809
4,150683580,152782184,0.00019515,9.4583e-05,-4.610326777270845e-06,8.47664924728289e-06,0.00011799,0.11102541642282522,0.11102541642282522
4,152782184,154477641,8.2476e-05,8.8011e-05,1.4684347861784852e-05,9.072135608220619e-06,2.1118e-09,0.0029902195396070658,0.0029902195396070658
4,154477641,155056126,7.7488e-05,8.3145e-05,4.340981333843381e-06,5.947497001938475e-06,0.00099662,0.043025236583266076,0.043025236583266076
4,155056126,157485097,-1.9902e-05,8.1583e-05,1.1411130062999143e-05,1.2258689615474875e-05,7.0461e-06,0.006663281741951565,0.006663281741951565
4,157485097,158743718,0.00041875,0.00010643,-2.0668180555663514e-07,5.779754386603282e-06,1.1809e-12,0.2191960705451948,0.2191960705451948
4,158743718,161058864,-2.4986e-05,8.125e-05,8.643112136347634e-07,9.453558511709997e-06,0.0023624,0.020810739913929264,0.22692397734197228
4,161058864,161826435,-1.3041e-05,8.1683e-05,2.175572317484322e-06,1.0983667833334064e-06,0.00049446,0.020810739913929264,inf
4,161826435,163243679,1.4687e-05,8.381e-05,-1.6533956416655524e-06,2.401608586486098e-06,0.00046444,0.8709761358227688,inf
4,163243679,164478234,-5.1723e-05,7.9478e-05,-6.392471225823782e-06,6.68942524005843e-06,0.00017469,0.2889697654449647,0.2889697654449647
4,164478234,165823448,1.4675e-05,8.3809e-05,-3.574541991413041e-06,4.7697386987866385e-06,3.5753e-05,0.3603343301151887,0.5823256438969726
4,165823448,167018858,0.00012875,9.0768e-05,-9.220388594409478e-07,6.8746092906371964e-06,4.8773e-05,0.025938963582333784,0.3614251630487241
4,167018858,167852917,0.00020467,8.5459e-05,3.689233199598752e-06,2.1488603117975997e-06,0.00031157,0.025938963582333784,inf
4,167852917,169676825,5.9928e-05,8.6636e-05,2.992593227893614e-06,6.508849155646139e-06,9.6079e-06,0.04933670751949896,0.1729045739131287
4,169676825,170776510,2.1872e-05,8.4265e-05,1.708456409354214e-05,7.2683321874084625e-06,0.00018491,0.033037247453815824,0.033037247453815824
4,170776510,172558635,-1.1945e-06,8.2795e-05,-1.2606069884573688e-07,4.766810601274566e-06,0.00089498,0.008780241932287844,0.5074014351800498
4,172558635,174264132,-6.4831e-05,7.8595e-05,7.443672142134432e-06,4.983022610303173e-06,4.7738e-06,0.008780241932287844,0.4598764299241729
4,174264132,176570716,-5.7177e-05,7.9112e-05,-6.0273357607510124e-06,8.952595586969224e-06,0.00052894,0.06139989403684616,0.06139989403684616
4,176570716,178991910,0.00013359,9.1052e-05,-7.878832360164952e-06,8.892969539356457e-06,3.2223e-14,0.12138669949178442,0.12138669949178442
4,178991910,180122043,-4.6145e-05,7.9851e-05,0.0,0.0,0.0011801,1.0,inf
4,180122043,182066807,-7.4902e-05,7.791e-05,7.211116073846659e-07,1.2848241990637868e-06,0.0012221,0.18047214154358723,inf
4,182066807,183371275,-5.0377e-05,7.9569e-05,9.608202203844236e-07,1.7119195662055003e-06,0.00027234,0.18047214154358723,inf
4,183371275,184929455,-6.0145e-05,7.8912e-05,5.257360459657991e-06,9.189124231356084e-06,5.8682e-05,0.07543411746372583,0.07543411746372583
4,184929455,186909090,-4.8198e-05,7.9714e-05,-1.174001871532391e-05,1.3700614046736495e-05,9.5427e-05,0.06635952849658017,0.06635952849658017
4,186909090,188472981,-4.0416e-05,8.0232e-05,1.317761673645793e-05,8.439333594279445e-06,0.00067245,0.016846473711688237,0.016846473711688237
4,188472981,189693511,-2.6072e-05,8.1179e-05,-3.183143031957074e-06,3.4432716959299122e-06,0.00030897,0.701742701562361,inf
4,189693511,191043594,-6.5276e-05,7.8565e-05,-1.8614587324054227e-06,4.788289405512388e-06,0.0021692,0.2656266295406084,0.2656266295406084
5,11940,982252,7.6228e-05,7.9669e-05,2.9673658891837875e-05,1.2529635157049075e-05,6.9359e-05,0.003326861786725656,0.003326861786725656
5,982252,2132442,2.6301e-05,8.4544e-05,9.892173906513535e-06,1.013106560893817e-05,1.7313e-07,0.018392895976376028,0.018392895976376028
5,2132442,3361941,-4.7453e-05,7.9764e-05,5.862475988709193e-06,4.847783084463808e-06,1.513e-06,0.054910560058663675,0.054910560058663675
5,3361941,4632110,-8.9346e-05,7.6916e-05,-1.749593633140837e-06,2.9174294726639353e-06,0.0016548,0.5573230610925061,inf
5,4632110,5973233,-4.7646e-05,7.9751e-05,-3.7588345524915352e-06,4.1852522232247055e-06,6.2805e-05,0.5573230610925061,0.9553537393507633
5,5973233,7143218,-5.4379e-05,7.93e-05,3.296900517217942e-06,6.3297153731499624e-06,0.00028254,0.1523676813140517,0.1941067791104126
5,7143218,8446336,-5.2551e-05,7.9423e-05,2.547931962787682e-07,6.32891292941199e-06,0.00030075,0.08350966434268332,0.3409255087237735
5,8446336,9718832,-1.2311e-05,8.2076e-05,2.2479438084045933e-07,3.244758460126441e-06,0.00027371,0.08350966434268332,inf
5,9718832,11173271,-2.3078e-05,8.1375e-05,-9.855807066153552e-06,8.902881779144302e-06,5.061e-06,0.12241051199284994,0.12241051199284994
5,11173271,13464832,-1.5277e-05,8.1884e-05,-2.6805554025881835e-06,3.6508299168848135e-06,0.00066972,0.4246884411622128,inf
5,13464832,14757804,-2.9879e-05,8.0929e-05,1.3951030778944715e-05,5.902325946616994e-06,0.00061978,0.006385122871193377,0.006385122871193377
5,14757804,16963613,-1.9926e-05,8.1581e-05,-1.121198949562949e-06,7.972392340078326e-06,2.3739e-05,0.03308716957497285,0.38431909253351026
5,16963613,18051592,-5.0905e-05,7.9533e-05,-1.2214831031304086e-06,2.1999958570101523e-06,0.0015555,0.5746281310085942,inf
5,18051592,19917716,6.4546e-06,8.3285e-05,-1.7465826868406127e-06,2.0381269545273942e-06,0.00083608,0.5746281310085942,inf
5,19917716,22152073,-5.1781e-05,7.9475e-05,-2.2215303141377795e-06,2.4676171431947663e-06,0.0009576,0.6710754278491804,inf
5,22152073,23494324,-5.7743e-05,7.9074e-05,-1.3710611621525742e-06,2.2319359890260723e-06,0.0023183,0.45664668209369297,inf
5,23494324,26184851,-3.8385e-05,8.0367e-05,2.669201380026159e-06,3.6971303896376326e-06,0.00033465,0.11572101255902964,0.11572101255902964
5,26184851,26857604,5.9743e-05,7.2466e-05,-4.605315712443207e-07,6.648370105696743e-07,0.00091479,0.8864907105754997,inf
5,26857604,27984513,2.9339e-05,8.4735e-05,-7.714230518769388e-07,1.1136491561450654e-06,0.0017457,0.8864907105754997,inf
5,27984513,29714820,-5.525e-05,7.9242e-05,-1.1484022491406988e-06,1.425546136442994e-06,0.0012573,0.5241354433158569,inf
5,29714820,31390249,-2.1027e-05,8.1509e-05,-3.665173242588117e-07,2.520336962607039e-06,0.0019027,0.11256291922300962,inf
5,31390249,33500180,-3.6959e-05,8.0462e-05,8.533688568830319e-06,9.570936942606726e-06,0.00012444,0.053788248582127614,0.053788248582127614
5,33500180,35048970,-1.4524e-05,8.1933e-05,-1.9230747787330508e-05,1.0724826470497177e-05,0.00035175,0.20399143524265848,0.20399143524265848
5,35048970,36433954,4.3079e-05,8.5595e-05,-8.805489439555954e-06,1.0400017553426339e-05,3.3589e-08,0.11262912644821685,0.11262912644821685
5,36433954,38802410,3.8225e-05,8.5292e-05,-1.254396093908817e-05,9.447353370037417e-06,1.0568e-07,0.23959870026290034,0.23959870026290034
5,38802410,40287729,0.00012605,9.0609e-05,8.382502950572749e-06,7.0502137177265725e-06,8.9918e-06,0.011741781593488938,0.011741781593488938
5,40287729,41888710,0.0001305,9.0871e-05,1.0844367601156722e-05,1.0280959291209668e-05,0.00012542,0.02229259527094628,0.02229259527094628
5,41888710,43983499,0.00013975,9.1411e-05,-4.999370084840279e-06,1.1556165461990913e-05,1.8572e-05,0.10038009407857272,0.10038009407857272
5,43983499,50163398,0.00010819,8.9474e-05,-3.070258215104506e-06,6.04260331451579e-06,7.8746e-05,0.18546254388382577,0.18546254388382577
5,50163398,52134622,-1.3721e-05,8.1985e-05,9.301427552468687e-06,4.88458447309915e-06,1.1699e-08,0.012870763116476523,0.012870763116476523
5,52134622,53703044,0.00010533,8.9384e-05,1.633202863530943e-05,8.30366449532012e-06,6.3528e-11,0.028290511152318662,0.028290511152318662
5,53703044,55417349,6.9847e-05,8.7244e-05,-1.04405795197975e-06,1.2943621680267637e-05,7.9254e-05,0.09886697816205407,0.09886697816205407
5,55417349,56621102,0.00030606,0.00010063,-5.506937642605786e-06,6.948075279713772e-06,1.4952e-14,0.30861375421596654,0.5358377427467353
5,56621102,57340073,3.1011e-05,7.4907e-05,-1.388188813246343e-06,3.3602196156197682e-06,0.00067785,0.30861375421596654,0.461459619848095
5,57340073,58524622,3.5141e-05,8.5099e-05,-3.946968622184484e-06,5.448357719321256e-06,0.00082448,0.30988499248884305,0.30988499248884305
5,58524622,60935907,0.00010953,8.9633e-05,3.222145596243029e-06,8.744048265111312e-06,3.3569e-05,0.09131659882644041,0.09131659882644041
5,60935907,61672995,3.3979e-05,7.2918e-05,-2.1157815222183946e-06,3.024003880411934e-06,0.002807,0.9182753349268767,inf
5,61672995,63218987,-4.3796e-05,8.0008e-05,9.948409928496947e-06,6.2825165531630104e-06,8.3218e-05,0.030917718535818775,0.030917718535818775
5,63218987,63968304,0.00030823,8.2918e-05,-4.780675585034966e-06,4.960253982724291e-06,0.00057773,0.2956330719510709,0.6197945063411838
5,63968304,65911286,2.6175e-05,8.4536e-05,-1.670615230205138e-05,1.1637673962430837e-05,0.00026805,0.2632400107839437,0.2632400107839437
5,65911286,67850860,0.00010095,8.9122e-05,-2.366287562340115e-06,4.889142214779569e-06,9.1402e-08,0.4003097455150251,0.4003097455150251
5,67850860,71240456,5.0019e-05,8.6025e-05,6.9234165288852116e-06,1.3836154536815057e-05,0.00016578,0.05401350649254716,0.059499982278846404
5,71240456,73759326,0.00070793,0.00012003,3.5560319640706343e-06,1.2059766776976505e-05,2.379e-61,0.022082660750305353,0.022082660750305353
5,73759326,75798866,7.9866e-06,8.3383e-05,9.493548800254179e-05,1.1714417079658843e-05,1.7298e-11,6.72633468924665e-17,0.051933407949806255
5,75798866,77623332,7.1084e-05,8.7319e-05,5.240396997551016e-05,1.156530521438014e-05,5.9926e-19,6.72633468924665e-17,0.2169965311795883
5,77623332,79393144,1.331e-05,8.3722e-05,-8.449981115573414e-06,1.1188538092216128e-05,0.00017014,0.06406825190665101,0.2848279066970091
5,79393144,80481471,0.00014136,9.1504e-05,1.1900586933423134e-05,8.780310558317024e-06,5.3636e-05,0.004356713317605618,0.004356713317605618
5,80481471,82025648,-2.0522e-06,8.2739e-05,-1.0042923289711402e-05,8.61004583282807e-06,0.00028732,0.15476875107229943,0.5533651036142114
5,82025648,83972689,-3.8595e-05,8.0353e-05,7.87759957961125e-06,6.7251195453464046e-06,3.4169e-05,0.04267994393654775,0.04267994393654775
5,83972689,85767290,3.3577e-05,8.5001e-05,4.175515990057925e-06,2.8324071598574608e-06,0.00066078,0.10772419995867595,inf
5,85767290,87389991,0.00039739,0.00010536,7.991023309790986e-06,4.9610329276773275e-06,3.1272e-08,0.02131163357004219,0.02131163357004219
5,87389991,88891530,0.00027909,9.4733e-05,2.098207348626834e-06,3.856525453894406e-06,0.00037055,0.11578136939295006,inf
5,88891530,90422654,0.00015859,9.2502e-05,4.2125118710266924e-08,7.403501672008712e-06,6.6433e-09,0.06426345430390407,0.13983724552443502
5,90422654,91840542,2.2708e-05,8.4318e-05,5.606661172715447e-06,3.2713343845898967e-06,5.5666e-05,0.06426345430390407,inf
5,91840542,93809984,3.7255e-05,8.5231e-05,-4.188150326055506e-06,5.474409242538173e-06,2.6096e-06,0.34474765061639256,0.6283411712304325
5,93809984,95963519,7.0458e-05,8.7281e-05,1.8787663488943936e-05,1.160241321467618e-05,8.4663e-07,0.005314597619134029,0.005314597619134029
5,95963519,97315601,3.3405e-05,8.4991e-05,-4.9292157950503095e-06,7.578764655455702e-06,1.4787e-05,0.2245431647477937,0.2245431647477937
5,97315601,99260992,-2.5762e-06,8.2706e-05,-1.1121118568047575e-06,4.721685904587679e-06,1.0704e-05,0.33080918257527464,0.33080918257527464
5,99260992,101578769,1.4308e-05,8.3786e-05,-5.918121398016305e-06,5.108191566915997e-06,0.0014419,0.7446196443382487,0.8810372155159466
5,101578769,103320005,0.00010845,8.9569e-05,-9.549199143148328e-08,7.4666782773700855e-06,6.0748e-05,0.11077861637513844,0.11077861637513844
5,103320005,104851483,-5.5991e-06,8.2511e-05,7.26436560960016e-08,2.3819391512467676e-06,0.00029288,0.30709457325201656,inf
5,104851483,105893055,8.3294e-05,8.3516e-05,-8.754595180765393e-07,1.4751977995096604e-06,0.00021744,0.30709457325201656,inf
5,105893055,107264196,1.0297e-05,8.353e-05,-5.54919752661525e-07,1.8964670847324885e-06,0.00015483,0.10975268135706412,inf
5,107264196,108633934,0.00012747,9.0615e-05,3.192253728836171e-07,4.418841210704255e-06,4.4121e-05,0.10975268135706412,0.850547282256279
5,108633934,110821144,8.9306e-06,8.3443e-05,6.331790097665591e-06,8.449399633341723e-06,1.8317e-06,0.0866937678849601,0.0866937678849601
5,110821144,111981562,0.00011995,9.025e-05,-4.5565494631097076e-07,5.4907817865642415e-06,4.7444e-09,0.1282523924123035,0.4897623347135801
5,111981562,113396285,0.00011697,9.0074e-05,-2.79773922047995e-06,8.975642565348022e-06,7.9236e-12,0.0412771388682637,0.0412771388682637
5,113396285,114830370,0.00014013,9.1433e-05,-2.059636843389489e-06,6.72490602085196e-06,0.00012925,0.12913228993977757,0.12913228993977757
5,114830370,115831047,6.2392e-05,8.6788e-05,-4.31518816207663e-06,9.489703089754167e-06,0.0015202,0.14238890964571074,0.14238890964571074
5,115831047,117346213,-1.1316e-05,8.2141e-05,4.1808987324178627e-07,3.1117851784615358e-06,0.00072037,0.13560476540132108,inf
5,117346213,118608820,4.2782e-05,8.5576e-05,1.065542214334328e-05,4.2195592608197604e-06,0.00013285,0.005852405115308881,0.062159323979905645
5,118608820,119669042,1.3909e-05,8.3676e-05,1.1377401079140543e-05,4.369560205720037e-06,0.0004734,0.005852405115308881,0.6958666842888888
5,119669042,120452166,5.2437e-05,7.7059e-05,1.6315636937261729e-06,2.2454805668075836e-06,0.00054213,0.15446781772762644,inf
5,120452166,122556905,2.7106e-05,8.4595e-05,8.238378374286772e-06,9.701972798140262e-06,1.6672e-05,0.009338621558484143,0.009338621558484143
5,122556905,123798100,0.0007324,0.00012111,-1.1652003925258415e-06,4.807319294259404e-06,9.4386e-22,0.17338581393403296,0.17338581393403296
5,123798100,125785649,-3.2164e-05,8.0778e-05,-2.8076287282281136e-06,4.0372086380353105e-06,0.00012779,0.5140536814284002,inf
5,125785649,127344604,-3.0666e-05,8.0877e-05,2.928702852793835e-07,9.974475676432957e-06,8.6298e-05,0.011131848469539667,0.011131848469539667
5,127344604,129519025,0.00015646,9.2379e-05,1.1308364439855387e-05,7.88159747882627e-06,2.3264e-14,0.025823092661737514,0.025823092661737514
5,129519025,132139649,0.0002893,9.9743e-05,4.497705681378451e-05,1.4595079240704227e-05,3.1974e-05,0.0017696103725813506,0.0017696103725813506
5,132139649,134777401,3.1865e-05,8.4894e-05,-2.5207368582646647e-06,1.7405781935190978e-05,6.4586e-06,0.011197861581881203,0.011197861581881203
5,134777401,136376050,5.7228e-05,8.647e-05,-1.7957598333383368e-06,9.630941285669736e-06,0.00012181,0.025642665324439377,0.025642665324439377
5,136376050,139265072,0.0001226,9.0406e-05,-5.303288645518831e-06,1.8793330211623275e-05,1.2771e-06,0.05426709888590487,0.05426709888590487
5,139265072,140645971,0.00010318,8.1969e-05,8.495903474900129e-06,2.453360363157569e-05,7.1589e-05,0.0021817887649683847,0.0021817887649683847
5,140645971,142981248,3.7386e-05,8.524e-05,3.6531057371289732e-06,2.043279346546661e-05,0.00014329,0.012023520501653773,0.012023520501653773
5,142981248,144943354,7.5397e-05,8.7582e-05,5.432683118235963e-06,6.173224317909739e-06,4.1187e-05,0.05782472891739101,0.05782472891739101
5,144943354,147181998,-2.7496e-05,8.1085e-05,2.300171131772974e-06,1.1123930359469228e-05,0.00018776,0.08123424444676067,0.08123424444676067
5,147181998,148662624,0.00053151,0.00011193,3.004489301274656e-05,1.1668951095721083e-05,1.351e-06,0.011509964103883167,0.011509964103883167
5,148662624,150561298,1.1394e-05,8.36e-05,-5.127090248936527e-07,1.7643707494240002e-05,1.4823e-06,0.015295763375613416,0.015295763375613416
5,150561298,152867774,-6.8384e-06,8.2431e-05,2.6131057677141317e-06,1.0895499453166291e-05,0.0001563,0.04205280542098934,0.04205280542098934
5,152867774,153773088,4.344e-05,8.4701e-05,9.519941338490084e-06,5.929854850522002e-06,0.0010704,0.010647174104551675,0.010647174104551675
5,153773088,155373505,3.1166e-06,8.3071e-05,2.5983208878606382e-06,9.240187384504568e-06,4.1969e-05,0.030639057343876338,0.030639057343876338
5,155373505,156628700,2.3416e-05,8.4362e-05,-6.890554014676664e-06,7.78727523123408e-06,3.095e-05,0.19213890089343943,0.19213890089343943
5,156628700,158825698,0.00012211,9.0377e-05,1.0849976927716355e-05,1.1778803433717222e-05,2.2686e-09,0.01005531761189749,0.01005531761189749
5,158825698,159973944,6.55e-05,8.6978e-05,2.682886425647073e-06,1.0060797656998213e-05,5.4725e-07,0.04869044698683833,0.10073546213153255
5,159973944,161482133,6.3828e-05,8.6876e-05,-5.2455903515120895e-06,6.643324836489934e-06,2.8877e-05,0.23544319566472843,0.23544319566472843
5,161482133,162743908,-3.9679e-05,8.0281e-05,-3.3130452567717738e-06,4.045967414566106e-06,0.00025989,0.5417538898343048,inf
5,162743908,163771582,3.5696e-05,8.5134e-05,-3.2090725176521138e-06,4.967621448314015e-06,0.00015437,0.20499120716656183,0.48046664257976124
5,163771582,165642395,9.0546e-06,8.3451e-05,2.9465051493654947e-06,2.1445782678702897e-06,3.2196e-05,0.028500863194184753,inf
5,165642395,166847740,-2.9232e-05,8.0971e-05,4.399013068629908e-06,1.6382156439487431e-06,0.00031969,0.028500863194184753,inf
5,166847740,168525318,-4.4307e-05,7.9974e-05,6.784774248292275e-06,6.165475915113071e-06,0.00018389,0.028500863194184753,0.11250427209096119
5,168525318,169505664,-7.6903e-06,8.2376e-05,-5.0199440472330495e-06,5.985392582491205e-06,0.00011824,0.15356135942682508,0.6684508473763549
5,169505664,171074292,-4.6911e-05,7.98e-05,-1.1206358194729525e-05,9.552807495104307e-06,0.00012358,0.15356135942682508,0.3387638097627185
5,171074292,172678327,-8.4906e-06,8.2324e-05,-1.101050683481192e-05,1.1684624891094917e-05,2.8175e-05,0.215222937944114,0.24532922063718549
5,172678327,173642871,0.0001409,9.1478e-05,-7.695078025369472e-07,6.835700642920241e-06,1.8404e-11,0.11114887511847829,0.11114887511847829
5,173642871,175450595,-7.1353e-05,7.8152e-05,-4.7064630287924034e-06,8.342266097943589e-06,0.00016915,0.09277302799910347,0.09277302799910347
5,175450595,177251507,0.00014185,9.1533e-05,2.588107751354629e-05,2.2096246956300027e-05,1.0328e-09,0.012212110222024165,0.012212110222024165
5,177251507,178413464,5.4948e-06,8.3224e-05,-1.5389785373676562e-05,1.1550828471720708e-05,9.1107e-05,0.07187300314987609,0.07187300314987609
5,178413464,179401244,5.3545e-05,8.6243e-05,3.0958779219508446e-06,1.1655811619071256e-05,2.1685e-07,0.027197355420370568,0.027197355420370568
5,179401244,180885156,8.2171e-06,8.3398e-05,2.8673531152959247e-06,1.4822321511764904e-05,2.2122e-10,0.023364116102917394,0.023364116102917394
6,73924,1452362,6.8213e-05,8.7144e-05,-3.7397933862460268e-06,6.956060305781976e-06,1.5475e-11,0.1111197543632372,0.1111197543632372
6,1452362,2458936,-1.9219e-05,8.1627e-05,4.207728051229371e-07,4.93531995450062e-06,0.00053427,0.10215151435539825,0.10215151435539825
6,2458936,3573593,-1.7256e-05,8.1755e-05,3.897773306545344e-06,1.1297138086621785e-05,1.2796e-05,0.007130372970408255,0.007130372970408255
6,3573593,4617817,-1.0325e-05,8.2205e-05,-2.4005106497600995e-06,8.047700240977156e-06,0.0005425,0.1856949709089606,0.1856949709089606
6,4617817,5791472,1.1524e-05,8.3609e-05,2.041540839977711e-05,6.986969214478513e-06,6.7048e-05,0.0038069484769344963,0.0038069484769344963
6,5791472,6785207,0.00010176,8.917e-05,-2.6929995980342963e-06,5.124175180298577e-06,3.232e-05,0.25706062228548937,0.7274989230237159
6,6785207,7808936,5.047e-05,8.6053e-05,-1.707900058126552e-06,8.381725845019563e-06,4.7035e-05,0.09671749959452874,0.09671749959452874
6,7808936,9020026,-4.4193e-05,7.9981e-05,2.8726883023118756e-06,6.512945665033177e-06,0.00084378,0.12083566471359064,0.12083566471359064
6,9020026,10540317,1.0921e-05,8.357e-05,-1.6536367957810731e-06,4.967304254245683e-06,0.00039858,0.17643295241886475,0.26148493700774705
6,10540317,11790816,1.9348e-05,8.4105e-05,-6.673034199334498e-06,1.169717670384425e-05,9.685e-05,0.09864806751333748,0.09864806751333748
6,11790816,13209388,0.0001447,9.1699e-05,5.848267229505757e-06,6.036043309611306e-06,3.982e-09,0.0919523010016618,0.11613896223976998
6,13209388,14802924,-3.3657e-05,8.068e-05,-3.2314764039338703e-07,9.06752283073803e-06,9.5629e-05,0.0919523010016618,0.16886734067653036
6,14802924,17386405,8.371e-05,8.8086e-05,1.703564923032634e-05,8.671735552295744e-06,2.0865e-06,0.01329412750505743,0.017642839028153133
6,17386405,19207487,4.7496e-05,8.5869e-05,1.517821466760358e-05,9.8970903530347e-06,0.00024994,0.01329412750505743,0.05518444181743843
6,19207487,21684065,3.7399e-05,8.524e-05,-2.004389707771275e-06,6.799399694434688e-06,5.6482e-08,0.15288376751165747,0.15288376751165747
6,21684065,22748307,7.2411e-05,8.74e-05,5.716703171322109e-06,3.702681462900598e-06,3.7602e-05,0.05986025122139238,0.05986025122139238
6,22748307,23936619,2.6784e-05,8.4575e-05,-1.7815793102216233e-06,3.141335712244786e-06,1.4976e-07,0.34706896862993497,inf
6,23936619,24852275,2.3711e-05,8.4297e-05,-3.088237683624342e-06,1.0416393367668867e-05,3.3783e-06,0.10357581616739271,0.10357581616739271
6,24852275,25684587,5.3157e-05,8.6219e-05,-3.7234194305487213e-06,5.515663800512781e-06,1.8802e-05,0.2232576768841253,0.8753521976341185
6,25684587,26791233,0.00035015,8.3724e-05,-2.1014645109055072e-05,1.7005744084655047e-05,5.0569e-06,0.08199087138295016,0.08199087138295016
6,26791233,28017819,0.00050168,9.2236e-05,6.045514881867419e-07,1.2883120089409432e-05,3.4973e-06,0.06342608431789512,0.06342608431789512
6,28017819,28917608,0.00013132,5.9955e-05,6.817213544422623e-06,1.2551286654487103e-05,5.7821e-08,0.01131074161298116,0.01131074161298116
6,28917608,29737971,9.9691e-05,3.8657e-05,-7.034393686632489e-06,1.3126313104281095e-05,8.9178e-09,0.04527944480968952,0.04527944480968952
6,29737971,30798168,0.00017108,4.5176e-05,4.1589730324767754e-05,1.7206551654821776e-05,1.3341e-12,1.2157051236388164e-05,1.2157051236388164e-05
6,30798168,31571218,0.00039718,7.9683e-05,6.772754922739395e-05,2.353231412711886e-05,6.8303e-21,0.0010125114419382432,0.0010125114419382432
6,31571218,32682664,0.00034571,7.2853e-05,0.00010105171175302825,2.4602170050266504e-05,3.9561e-17,2.2967317477291027e-06,2.2967317477291027e-06
6,32682664,33236497,0.00041156,8.6397e-05,-6.35142950258557e-06,1.4255131426372979e-05,1.4801e-11,0.01743145556009093,0.01743145556009093
6,33236497,35455756,0.00029108,9.9838e-05,-1.2895132646918251e-05,1.961240107965412e-05,1.287e-13,0.013794840240152456,0.013794840240152456
6,35455756,37572596,2.0327e-05,8.4167e-05,8.344924540045767e-07,1.9014008421663396e-05,5.355e-08,0.0014655938700802857,0.0014655938700802857
6,37572596,39295677,1.8924e-05,8.4078e-05,2.7134106735711918e-05,9.241924291415168e-06,2.2089e-06,0.0013629265343492875,0.0013629265343492875
6,39295677,40345115,2.2606e-05,8.4311e-05,-4.599261125477074e-06,6.485888632841621e-06,0.0013933,0.26171631871161416,0.26171631871161416
6,40345115,42038721,8.8767e-06,8.344e-05,1.9306562323286945e-05,1.5464146434464e-05,5.0183e-08,0.01612577636112258,0.01612577636112258
6,42038721,43756169,5.0503e-05,8.6055e-05,4.122667065988841e-06,2.1518126774480256e-05,4.2163e-05,0.005155200540866017,0.022388790049573438
6,43756169,45406563,7.962e-05,8.7838e-05,3.3707708981094584e-05,1.2594173056816265e-05,2.0674e-13,0.005155200540866017,0.007337866734379611
6,45406563,47311898,1.7036e-05,8.3959e-05,7.054431652145065e-06,1.1929889755161869e-05,2.4715e-05,0.032031823144745106,0.032031823144745106
6,47311898,48391125,0.00062994,0.00011548,9.477235278084515e-06,7.006261055337507e-06,1.1638e-08,0.031796760117007924,0.031796760117007924
6,48391125,50386145,1.9743e-06,8.2998e-05,-5.749009426359357e-06,9.463091941800506e-06,8.2569e-05,0.16574505214682994,0.16574505214682994
6,50386145,52210476,0.00019624,9.4644e-05,-7.2275444002029025e-06,7.832550221347963e-06,2.8745e-06,0.10952687692100885,0.24245844160946778
6,52210476,53279102,1.5447e-05,8.3858e-05,8.719151334485746e-06,1.1713468815623844e-05,6.0166e-05,0.02423268728442827,0.02423268728442827
6,53279102,55468270,4.5604e-05,8.5751e-05,-7.509325214904745e-06,9.67540847023167e-06,2.241e-08,0.04119261300668622,0.04119261300668622
6,55468270,56105313,0.00020731,7.8189e-05,6.65939141030464e-06,3.784272373098229e-06,0.00023109,0.0043618788228011575,0.45750014271713
6,56105313,57599465,0.00026666,9.7002e-05,2.671886427511959e-07,8.284952399356089e-06,0.00060179,0.0043618788228011575,0.35426428534666143
6,57599465,61880512,5.2729e-05,5.438e-05,2.9335367073484505e-06,3.4075475910171443e-06,0.00043362,0.12468480879323908,inf
6,61880512,63552888,0.00041204,9.7519e-05,1.5372011326556753e-07,1.4355772940852863e-06,0.00020138,0.28324947638349396,inf
6,63552888,65765742,2.0409e-05,8.4172e-05,2.1404239037493616e-05,8.787042441957032e-06,0.0005364,0.0015771296987646586,0.0015771296987646586
6,65765742,67329215,7.4356e-05,8.7519e-05,-1.057063291080335e-06,1.9536234907342748e-06,0.00027168,0.6279875226311866,inf
6,67329215,68849483,-1.0861e-07,8.2864e-05,-1.3519249010021738e-06,1.7078883916035488e-06,0.00012796,0.6279875226311866,inf
6,68849483,69523448,2.812e-05,7.2293e-05,-6.267615606134855e-07,8.872322822487275e-07,0.00020983,0.9751978414340272,inf
6,69523448,71609510,-4.3038e-05,8.0058e-05,1.8330095072320099e-06,8.172305092289993e-06,6.5056e-05,0.015095751109173753,0.015095751109173753
6,71609510,73450097,-1.9601e-05,8.1602e-05,-2.2706885800436254e-06,5.4698065365668875e-06,1.328e-05,0.23906088965546946,0.44137449139767027
6,73450097,75462003,6.2605e-05,8.6801e-05,-1.0613777629389375e-05,1.1222524836874935e-05,0.00020749,0.08297882772807536,0.08297882772807536
6,75462003,77414881,0.0002582,9.8069e-05,-5.9790731974532805e-06,8.30462116136118e-06,0.0002499,0.2613055155848799,0.2613055155848799
6,77414881,78957728,-4.538e-06,8.2493e-05,-2.355639883603808e-06,3.3188618544043744e-06,0.0001716,0.3264647179197192,0.7843779865911178
6,78957728,80691170,-5.9737e-05,7.894e-05,-1.2694486514222096e-05,7.994143808501145e-06,5.1124e-05,0.6062622408222302,0.6062622408222302
6,80691170,81929222,0.00035918,9.8124e-05,-5.284706142554759e-06,4.718549767580709e-06,0.00026001,0.9339500556931991,0.9757691291251732
6,81929222,83127149,0.00014063,9.1462e-05,-4.231345004437675e-06,4.175074171471526e-06,0.00016949,0.6410650072135573,0.6410650072135573
6,83127149,85209989,9.2181e-06,8.3462e-05,2.894684915923906e-06,1.1171685834075233e-05,0.00016284,0.11031453131855576,0.11031453131855576
6,85209989,87069500,4.0622e-05,8.5442e-05,1.7325119344879378e-05,6.498894641314666e-06,0.00052831,0.009218417960282731,0.009218417960282731
6,87069500,88822140,5.4804e-05,8.6321e-05,-6.251635574791535e-06,1.0889518828258801e-05,0.0002066,0.05849828473824909,0.1292716658297993
6,88822140,89973052,-1.8979e-05,8.1643e-05,-6.191050818927254e-06,8.149903966797942e-06,2.8409e-05,0.2643049064029761,0.2643049064029761
6,89973052,91843196,1.5951e-05,8.389e-05,-5.8006443783778434e-06,8.616972193407916e-06,5.9722e-05,0.2120621049998069,0.2120621049998069
6,91843196,93428644,-1.8215e-05,8.1692e-05,-1.7431591955864047e-06,1.9766056317669206e-06,0.0021266,0.626150724069853,inf
6,93428644,94118142,2.2684e-05,8.0445e-05,-5.142453925994843e-07,9.53545231294652e-07,0.0018194,0.626150724069853,inf
6,94118142,94441175,3.2594e-05,4.4506e-05,-2.4092634337966055e-07,4.4674034834155474e-07,0.004589,0.626150724069853,inf
6,94441175,97093511,-1.9882e-05,8.1584e-05,-5.838173848496908e-06,6.108175020027169e-06,0.00055555,0.4704112847696086,0.4704112847696086
6,97093511,97842284,0.0007119,0.00010905,-2.763836788612063e-06,5.970388165043802e-06,0.00073116,0.1853213749894052,0.26959465783403647
6,97842284,100630146,1.5951e-05,8.389e-05,2.2722023308158087e-05,1.0169131432124995e-05,2.3611e-06,0.013181749342648855,0.013181749342648855
6,100630146,102636772,0.00023991,9.707e-05,-4.4931029897232983e-07,5.138804734699349e-06,7.1995e-06,0.06507124594752885,0.22316246334897702
6,102636772,103983395,2.803e-05,8.4569e-05,-2.3988977418798704e-07,2.4101739693687326e-06,0.00026562,0.2985298218098412,inf
6,103983395,106056733,0.000166,9.2927e-05,-4.307383652209008e-06,6.83933984536646e-06,7.4822e-05,0.2882440243765506,0.2882440243765506
6,106056733,107450306,5.8308e-06,8.3245e-05,-2.709557776964906e-06,8.296227189471359e-06,1.124e-12,0.14576457340036975,0.14576457340036975
6,107450306,108464380,0.00015085,9.2055e-05,-5.165683265294086e-06,7.594367011742783e-06,5.2761e-05,0.1151367141263114,0.1151367141263114
6,108464380,110304247,0.00014524,9.173e-05,-5.6078656898508426e-06,1.2496806458902476e-05,4.5149e-10,0.06592806398399598,0.06592806398399598
6,110304247,112345014,9.2563e-05,8.862e-05,1.3329818308669406e-05,1.2657113339089642e-05,5.8026e-06,0.006775673659391833,0.006775673659391833
6,112345014,114220833,8.2761e-05,8.8029e-05,-9.971784104170644e-07,5.491184474085051e-06,6.0057e-06,0.1474030875681849,0.3978867207311121
6,114220833,116131396,1.6199e-05,8.3906e-05,6.052344388176422e-06,4.149850735930957e-06,0.00016141,0.02487631530169741,0.5158875635249103
6,116131396,117672972,0.00012402,9.049e-05,1.8633226434857416e-05,1.3721310006331183e-05,2.5394e-07,0.004706148405470931,0.004706148405470931
6,117672972,118963115,0.00010642,8.8332e-05,3.4419684408304075e-05,7.061242340285914e-06,2.2892e-05,0.010140394111147585,0.010140394111147585
6,118963115,119963278,0.00032987,9.9702e-05,-3.3553384373114755e-06,6.192534871599814e-06,0.00026765,0.04784783924180644,0.6539780885279054
6,119963278,120512128,0.00022102,7.7306e-05,-1.1770852899811609e-06,1.686233914540913e-06,0.00094318,0.9099215847741543,inf
6,120512128,121905676,7.3024e-06,8.2913e-05,6.938181959891223e-06,3.6095375569831518e-06,0.00038072,0.0353562858041737,0.0353562858041737
6,121905676,123856181,8.0817e-06,8.3389e-05,7.0929285386202884e-06,8.466974788487827e-06,1.4189e-05,0.06068558583656416,0.06068558583656416
6,123856181,125424383,-2.5482e-06,8.2707e-05,-3.818838335523644e-06,4.936546668338726e-06,0.00047219,0.24167600434901518,0.7237013666313511
6,125424383,127540461,0.00018233,9.3858e-05,1.448034301849275e-05,9.355274246141825e-06,6.5291e-20,0.017684557119241186,0.017684557119241186
6,127540461,129861031,2.0287e-05,8.4165e-05,-1.1806810394623447e-05,9.413878412382259e-06,1.4184e-06,0.15486418716833109,0.15486418716833109
6,129861031,130935454,7.9898e-05,8.7855e-05,-1.3055789195540795e-06,6.917103921492418e-06,6.4541e-06,0.20959294062617626,0.20959294062617626
6,130935454,132765669,2.5531e-05,8.4496e-05,5.812919834637399e-06,1.0509016440359538e-05,0.00016667,0.024565202355347062,0.024565202355347062
6,132765669,134244243,0.00013264,9.0996e-05,2.467753216133042e-06,1.1320584756499964e-05,1.7684e-08,0.0642387021687946,0.0642387021687946
6,134244243,136224177,0.0001579,9.2462e-05,-6.006775940023007e-06,8.2419924878703e-06,5.676e-14,0.2248965904542125,0.2248965904542125
6,136224177,137614218,0.00028239,9.9373e-05,-7.519989688184087e-06,9.761305335768087e-06,0.000165,0.17650091445012966,0.17650091445012966
6,137614218,138822629,0.00011919,9.0205e-05,-6.671193520058644e-06,7.487315790170342e-06,8.6717e-06,0.2504290612470002,0.3379152747544419
6,138822629,139845436,0.00019357,9.4494e-05,7.05708841568687e-06,8.661595013290921e-06,7.8061e-08,0.06613343062780387,0.06613343062780387
6,139845436,142288479,5.4571e-05,8.6307e-05,2.067074034992456e-06,4.06978994975742e-06,2.6579e-05,0.1037394014477652,inf
6,142288479,145319810,-3.916e-05,8.0316e-05,-2.114989466184819e-05,1.2272157807207254e-05,0.00013542,0.12185443538155412,0.12185443538155412
6,145319810,146665424,0.0013367,0.00013905,1.28243778172569e-06,6.399264646667517e-06,8.934e-06,0.07499815167168872,0.07499815167168872
6,146665424,148920352,-7.3825e-05,7.7984e-05,-1.922737447440781e-06,7.275654776966386e-06,0.00023097,0.15043445731792324,0.15043445731792324
6,148920352,150253404,-7.4803e-05,7.7917e-05,4.846384197192544e-06,1.144272387592654e-05,1.6897e-05,0.026331189354126597,0.10100988394831853
6,150253404,151912703,-3.0884e-05,8.0863e-05,-4.696439078418093e-06,1.1041343931809354e-05,0.00024461,0.026331189354126597,0.04436503984104599
6,151912703,153094496,5.7489e-05,8.6486e-05,-6.352938514246681e-06,6.170823515011631e-06,1.7551e-05,0.44021506948449196,0.44021506948449196
6,153094496,154974120,8.4211e-06,8.3411e-05,-1.4255863883628805e-05,8.43313820183663e-06,6.8961e-05,0.5775024715657735,0.5775024715657735
6,154974120,156763326,1.5799e-05,8.388e-05,-1.7382911962412972e-06,7.292474800604792e-06,0.00012699,0.12679796674788915,0.12679796674788915
6,156763326,158218719,4.2674e-05,8.5569e-05,1.8266796795209347e-06,5.792003655233679e-06,1.9194e-05,0.020971503135873957,0.4611666979485509
6,158218719,160580497,6.7024e-05,8.7071e-05,1.2335674467578043e-05,2.742698972752117e-05,1.206e-05,0.010837841635144587,0.010837841635144587
6,160580497,162169564,0.00025904,9.8114e-05,-5.743700315474743e-06,8.153180037549772e-06,7.8895e-20,0.16403234125040328,0.16403234125040328
6,162169564,162931203,4.3106e-06,8.3148e-05,-1.5799388589302408e-06,2.7712179879959637e-06,0.00094282,0.6598363791374422,inf
6,162931203,164383521,4.6737e-05,8.5822e-05,-1.0489268322191399e-06,3.845387046085155e-06,3.2423e-06,0.1783590820155388,0.7669118372126917
6,164383521,165586864,-1.9851e-05,8.1586e-05,-8.601076401864082e-07,2.7326799974483213e-06,0.0001099,0.1783590820155388,inf
6,165586864,167024733,-4.0015e-05,8.0259e-05,-1.5625439638104185e-08,7.533635904296046e-06,6.9539e-05,0.023114353052816023,0.14310637422168362
6,167024733,168042835,-5.2465e-06,8.2534e-05,-6.844486526545856e-06,9.60696572787277e-06,3.3761e-05,0.023114353052816023,0.3535289524419617
6,168042835,169382050,-3.0885e-05,8.0862e-05,7.1496422216609185e-06,7.414251738847683e-06,0.00030139,0.015255337377457564,0.015255337377457564
6,169382050,170330173,0.00013092,9.0895e-05,-2.6905454236286408e-06,6.8525921546917705e-06,0.00017675,0.16950767688484977,0.20526665431071
6,170330173,171051270,0.00028605,9.3088e-05,4.244493746540847e-06,7.426964178050075e-06,0.00063691,0.11826978595428601,0.11826978595428601
7,16161,972752,0.00010448,8.9333e-05,-5.368410494298492e-06,8.75553625812572e-06,1.4422e-05,0.2563682439489202,0.2563682439489202
7,972752,1353067,0.0002854,9.6346e-05,3.6331704613660246e-06,7.823209721250057e-06,0.00036229,0.055170081787550486,0.060537888727063414
7,1353067,2062398,0.0003206,0.0001014,-3.559057709381798e-06,8.259825664142302e-06,2.839e-16,0.055170081787550486,0.1006548203538806
7,2062398,2772227,0.000599,0.00011509,2.1612765828744796e-05,1.0308718176574204e-05,8.4093e-29,0.0004970074529378542,0.0004970074529378542
7,2772227,4573428,1.6461e-05,8.3922e-05,6.8387240976810915e-06,6.148344153193163e-06,0.00028016,0.04748922983311151,0.1421228649684588
7,4573428,5416232,4.0044e-05,8.5406e-05,-5.252589124076849e-06,9.022639590370245e-06,0.00033284,0.04748922983311151,0.1318962592808253
7,5416232,5854526,5.8622e-05,8.1495e-05,-7.012113482351141e-07,5.982901762864326e-06,0.0003765,0.1446143522315929,0.1446143522315929
7,5854526,6573857,0.00018019,9.3434e-05,7.50944984419443e-06,1.1468634094536758e-05,1.4908e-07,0.012297245943559788,0.012297245943559788
7,6573857,7808752,0.00036082,0.00010349,-2.0426996208064506e-06,1.0485922323346907e-05,1.2405e-07,0.02319342221847955,0.02319342221847955
7,7808752,9123423,2.3443e-05,8.4364e-05,-3.3613806994572564e-06,4.966705822605366e-06,2.6821e-05,0.3265157203324966,0.3265157203324966
7,9123423,9987499,-4.5059e-05,7.9924e-05,-1.2086835711865812e-06,1.7103593082956845e-06,0.00018343,0.4718512174253974,inf
7,9987499,11299198,8.8708e-06,8.3439e-05,8.605848331318447e-07,3.796361653892567e-06,8.2175e-05,0.15591862098508547,inf
7,11299198,12635461,-7.2438e-06,8.2405e-05,1.008168927236839e-06,6.176973658294668e-06,0.00053332,0.15591862098508547,0.18985879375451908
7,12635461,13884202,-1.0109e-05,8.2219e-05,-3.7671154672968522e-06,3.964841491599996e-06,0.0004498,0.3722000242415613,0.8767473302118937
7,13884202,15143657,2.5822e-06,8.3037e-05,4.742566434295346e-06,3.6454279960623105e-06,4.076e-06,0.05289826694519882,0.05289826694519882
7,15143657,16902069,9.4e-05,8.8706e-05,4.2944258534963075e-06,9.687738142086846e-06,2.1223e-08,0.04959675123887023,0.04959675123887023
7,16902069,19481547,0.00027879,9.918e-05,-5.909897637596219e-06,7.30258542513313e-06,5.8408e-25,0.14909123001657887,0.14909123001657887
7,19481547,20124908,-1.0246e-05,7.9938e-05,-5.003115169299399e-06,4.5032693848183215e-06,0.00065217,0.7602438961273862,0.8378921874431083
7,20124908,22507629,-4.8119e-05,7.972e-05,-4.418206306596131e-06,9.053882015254454e-06,6.1478e-05,0.13476736272296058,0.13476736272296058
7,22507629,23471442,0.00033398,0.0001021,4.0508209237643575e-06,9.38561305915515e-06,2.8544e-10,0.026240614527991656,0.026240614527991656
7,23471442,25077259,1.7948e-05,8.4017e-05,4.796479418041325e-06,9.854017721691833e-06,0.00015157,0.06787178777609912,0.06787178777609912
7,25077259,25909555,1.8408e-05,8.4046e-05,-2.685798754735255e-06,5.446497265879826e-06,8.3807e-05,0.24175617804411523,0.33185373380426897
7,25909555,28360309,-1.8022e-05,8.1705e-05,1.9748520775203095e-06,1.4581227079656234e-05,3.3888e-06,0.03189601986090496,0.03189601986090496
7,28360309,31137289,-5.0865e-05,7.9536e-05,3.9044955898942447e-05,1.4051823310149553e-05,4.7213e-05,0.023487194588852792,0.023487194588852792
7,31137289,33555768,-4.0305e-05,8.024e-05,8.607072302461426e-06,1.0840733262448905e-05,6.6434e-05,0.010118389135201765,0.010118389135201765
7,33555768,36213538,7.4498e-05,8.7527e-05,-4.117424772003254e-06,8.2213604177554e-06,9.5446e-11,0.11046735849154356,0.19481132865482817
7,36213538,37555184,0.00016189,9.2692e-05,-1.4807895880480964e-06,7.228538352513537e-06,1.2672e-06,0.11046735849154356,0.2666178697665179
7,37555184,38966703,-2.5874e-05,8.1192e-05,8.84329441579222e-06,8.225046706017771e-06,0.00013239,0.05258280678027004,0.05258280678027004
7,38966703,39862670,0.00010875,8.8471e-05,-1.5061341729793884e-06,5.6267758722966926e-06,0.00097427,0.20375710820900544,0.20375710820900544
7,39862670,42001811,1.1878e-05,8.3631e-05,-1.6872928412843766e-06,5.751756356496858e-06,3.1051e-05,0.0758974154365939,0.1765096003106194
7,42001811,43159074,-5.447e-05,7.9294e-05,4.915245343986756e-06,5.345644420139055e-06,0.00031177,0.0758974154365939,0.9894492119390242
7,43159074,44763828,-1.6009e-05,8.1836e-05,1.756470403857888e-09,1.5179027800417611e-05,0.00031286,0.04596337730910093,0.04596337730910093
7,44763828,45952922,0.0001298,9.0751e-05,1.661216776625561e-05,1.0786910532277141e-05,4.7775e-05,0.011700846178280707,0.011700846178280707
7,45952922,46986720,4.8883e-05,8.5872e-05,7.756799120635578e-06,3.2334362884919497e-06,0.0001353,0.036095133466483964,inf
7,46986720,49212278,-1.7912e-05,8.1712e-05,7.876836593224684e-06,8.765413066511842e-06,6.6019e-05,0.004221842021118055,0.004221842021118055
7,49212278,51675322,-4.7443e-06,8.2566e-05,-4.703108824104733e-06,8.763888616713935e-06,3.1045e-05,0.21228855574930483,0.21228855574930483
7,51675322,53176312,-4.4666e-05,7.995e-05,-8.152960211103783e-07,2.1949874562182647e-06,0.00016602,0.08240783404892855,inf
7,53176312,54222976,0.00010001,8.8667e-05,2.7518104418429186e-06,1.9296510601945095e-06,0.00034305,0.08240783404892855,inf
7,54222976,55691584,-1.2608e-05,8.2057e-05,1.0973106466717017e-06,5.459092418193205e-06,8.2975e-06,0.07424026762691902,0.6989923480953233
7,55691584,57382638,8.875e-05,8.1289e-05,-1.1464618836950805e-05,1.0992778931488746e-05,0.00078729,0.07424026762691902,0.18390090215175287
7,57382638,63307359,8.4203e-06,6.1416e-05,-4.019296272093677e-06,4.991820380673451e-06,0.006885,0.6536736059793602,inf
7,63307359,63641125,0.00015052,5.6742e-05,-2.108936188662625e-07,3.522009964189153e-07,0.0035785,0.6955087897347731,inf
7,63641125,65689809,0.00054819,9.6947e-05,3.109269067884731e-05,1.0960458884308795e-05,5.8939e-05,0.018527669602304658,0.018527669602304658
7,65689809,68234074,-2.3478e-05,8.1349e-05,-2.9711878738186675e-06,8.10230232087425e-06,8.5817e-05,0.14689503304874335,0.14689503304874335
7,68234074,69085364,7.5687e-05,8.76e-05,8.618402884613249e-08,1.3083565316634758e-06,4.4594e-05,0.295772767892149,inf
7,69085364,71874885,-3.9341e-06,8.2618e-05,9.078464272354409e-06,4.723279137507383e-06,9.4978e-05,0.01008562904757302,0.9025201983261302
7,71874885,73334602,0.00042329,0.00010265,1.623679694272272e-05,1.4185680546366225e-05,1.9004e-15,0.01008562904757302,0.017543210141549304
7,73334602,76458564,0.00019103,9.435e-05,1.1881324740775722e-05,1.6329425206183718e-05,1.3536e-06,0.013006847704414551,0.013006847704414551
7,76458564,78093859,7.2657e-05,8.7415e-05,-1.1718611127678594e-06,8.936004768691075e-06,1.6096e-08,0.030234616761925005,0.030234616761925005
7,78093859,79888069,-3.5051e-05,8.0588e-05,-4.288303986084283e-07,4.165114683529536e-06,0.00015262,0.30969341911312454,inf
7,79888069,82022686,3.9743e-05,8.5387e-05,4.0705465900588905e-05,7.033673079801065e-06,3.5427e-10,4.641250144392678e-05,4.641250144392678e-05
7,82022686,83801203,-4.9159e-05,7.965e-05,-3.7662543002553936e-06,4.954156439657804e-06,3.3461e-05,0.3871685922116628,0.3871685922116628
7,83801203,85572182,0.0001647,9.2853e-05,-3.27089368396756e-06,3.880976097726345e-06,2.9501e-06,0.03872983693855895,0.7345737576804154
7,85572182,87825004,0.00010524,8.9298e-05,-6.367028147555464e-06,1.107483840229626e-05,5.896e-05,0.03872983693855895,0.2282071060578685
7,87825004,90661784,-1.2594e-05,8.2058e-05,1.8093219918496795e-06,1.001475828951161e-05,7.2933e-05,0.06050121473362315,0.06050121473362315
7,90661784,92493752,-3.2277e-05,8.0771e-05,-5.737173489775899e-07,1.0984020414564535e-05,0.00038409,0.02578994716363041,0.02578994716363041
7,92493752,93966601,4.7764e-05,8.5886e-05,2.1006516307714422e-05,1.0068279129964816e-05,2.4101e-05,0.010502207070672911,0.010502207070672911
7,93966601,96073508,-1.1728e-05,8.2114e-05,-2.404067915837741e-06,1.109700232204966e-05,0.00097215,0.06091653859995095,0.06091653859995095
7,96073508,97099570,0.00045712,0.00010833,-6.31071286882753e-06,6.476080430788334e-06,1.298e-05,0.19603719808491932,0.4117534153981869
7,97099570,98715474,-3.3201e-05,8.071e-05,8.512313843867079e-06,1.1245985887840722e-05,4.4075e-06,0.002009595427719267,0.002009595427719267
7,98715474,100196651,0.00042594,9.9422e-05,5.115903982976554e-06,2.3444502915805806e-05,7.823e-09,0.011564337735818154,0.011564337735818154
7,100196651,101199253,0.00015275,9.2165e-05,1.4209896106265844e-06,1.7516119990051288e-05,1.7326e-07,0.0014632290910074886,0.0014632290910074886
7,101199253,103197510,8.9372e-05,8.8428e-05,-7.608353477425553e-06,1.534217778420147e-05,8.2476e-05,0.04537704809171541,0.06600118091220698
7,103197510,104159525,-1.4784e-05,8.1916e-05,-3.3538192790300673e-06,4.772464828421118e-06,2.8061e-05,0.04537704809171541,0.5560650593709018
7,104159525,105682905,-3.8641e-05,8.035e-05,-3.976146656238175e-06,9.075970545817456e-06,1.7102e-05,0.05593418996040151,0.05593418996040151
7,105682905,107780178,3.6577e-05,8.5189e-05,3.884585560595557e-06,1.295538489252596e-05,4.3499e-08,0.05724476622234471,0.05724476622234471
7,107780178,109647594,-4.3443e-05,7.9943e-05,1.4013892630876519e-05,6.687999541911998e-06,0.0001236,0.028175894081055797,0.028175894081055797
7,109647594,112618684,3.4699e-06,8.3094e-05,1.1229232890399142e-05,9.326584325586911e-06,5.0655e-11,0.032837094781299245,0.08333556246335007
7,112618684,113712387,0.0002833,9.1702e-05,-3.0850612934582114e-06,4.293100718551981e-06,0.0010182,0.35526117475691976,0.4748034411399582
7,113712387,116780178,-2.6693e-05,8.1138e-05,2.2604598165253215e-06,9.565155208456941e-06,9.3478e-06,0.02207001493647671,0.02207001493647671
7,116780178,118351581,0.00026056,9.5634e-05,-6.6516089995719295e-06,7.664825275281014e-06,7.3409e-05,0.13606879914160266,0.13606879914160266
7,118351581,121045273,1.3218e-05,8.3716e-05,6.334727406469877e-06,7.65071895492456e-06,5.8626e-05,0.04424348826087846,0.04424348826087846
7,121045273,121933630,2.0165e-05,7.4987e-05,-5.443966002440476e-06,5.559946813755264e-06,0.00058935,0.48696641218981096,0.48696641218981096
7,121933630,124156805,4.2063e-05,8.5531e-05,-1.672233938214323e-05,1.1707949399256783e-05,0.0001181,0.123281740918214,0.123281740918214
7,124156805,124167552,2.7079e-05,1.9978e-05,-5.311253627285438e-08,8.423440595874444e-08,0.044427,0.7420967769733476,inf
7,124167552,126519170,0.00016121,9.2653e-05,-3.96819200497586e-06,4.82103747010338e-06,0.00099021,0.48998189545232695,0.48998189545232695
7,126519170,126869221,8.3399e-05,5.6178e-05,-4.33854555928236e-07,1.1767948092826973e-06,0.00063604,0.36451622083418156,inf
7,126869221,128778386,0.00018032,9.3744e-05,-1.5879408243756222e-05,1.5471470112955686e-05,1.9471e-09,0.06454639029390119,0.06454639029390119
7,128778386,130422414,8.348e-05,8.8072e-05,-4.234482630609948e-06,1.3346898421088766e-05,6.4039e-06,0.04851895593851534,0.04851895593851534
7,130422414,132805848,3.542e-05,8.5117e-05,1.1933005436355026e-06,6.493509386104975e-06,1.6142e-12,0.14232175673943356,0.14232175673943356
7,132805848,134307596,0.00010852,8.9494e-05,-1.1710837285733084e-05,8.188689115766024e-06,0.00045357,0.18512997330891726,0.44214474707843654
7,134307596,135591083,0.00017657,9.3531e-05,4.087247233357013e-06,1.1406696215510092e-05,1.4775e-07,0.047227388591895084,0.047227388591895084
7,135591083,136876562,2.7032e-05,8.459e-05,3.216676531902738e-06,4.510932425385477e-06,0.00062769,0.06377883207060155,0.06377883207060155
7,136876562,138744679,-5.044e-05,7.9564e-05,-1.284455532429421e-06,1.025140096221301e-05,7.2048e-07,0.09892270057138665,0.09892270057138665
7,138744679,139933177,5.148e-05,8.6116e-05,1.5893431858456526e-05,1.084110747997032e-05,0.00020203,0.027198939187310808,0.10491973472523783
7,139933177,140235210,0.00010633,7.6645e-05,-4.877633096328101e-06,5.732500042564649e-06,2.4912e-06,0.027198939187310808,0.5201230819999836
7,140235210,141226557,0.00014862,8.5368e-05,6.136450717358701e-06,7.48365135352512e-06,0.00021024,0.0535977891036222,0.0535977891036222
7,141226557,142656310,1.891e-05,7.9217e-05,-2.2067759086584907e-05,1.3390321268990099e-05,0.0008371,0.15096938057406978,0.3635916527466183
7,142656310,144968289,7.8531e-05,8.7772e-05,2.37406424299673e-05,1.67569831335704e-05,4.4025e-05,0.015757749222958636,0.015757749222958636
7,144968289,146427960,5.5929e-05,8.639e-05,-1.1791938505855363e-06,2.0901372341922776e-06,0.00056398,0.4437491881484178,inf
7,146427960,147815318,-9.0898e-06,8.2285e-05,-5.91001807117114e-07,2.1723674430184457e-06,8.4821e-05,0.3182531363773714,inf
7,147815318,149840658,-2.7073e-05,8.1113e-05,-8.69976443322093e-06,1.3089951078268339e-05,0.00013041,0.09324957320465124,0.09324957320465124
7,149840658,150711505,0.00049772,0.00011031,3.056613775500393e-06,1.3453785488053353e-05,7.2886e-48,0.04734227989968797,0.04734227989968797
7,150711505,152249806,-4.8235e-05,7.9712e-05,1.686864809371828e-05,1.5169986461711363e-05,4.5519e-07,0.01868414143476701,0.01868414143476701
7,152249806,153674019,-8.0616e-05,7.7519e-05,-1.4748914573386976e-06,3.970437424455252e-06,0.00026586,0.1423010060392572,0.47971363406447265
7,153674019,154964730,-5.4685e-05,7.928e-05,1.097904076310024e-05,5.192960616645983e-06,0.0010705,0.03474179378370946,0.03474179378370946
7,154964730,156065250,-7.6698e-05,7.7787e-05,5.171452488659986e-06,7.398558270309596e-06,0.00016104,0.08864028860252135,0.08864028860252135
7,156065250,157634597,-3.7564e-05,8.0421e-05,-7.853923333891356e-06,8.105628350212036e-06,0.00077866,0.18442591828952265,0.22050956000940844
7,157634597,159128575,2.6098e-05,8.4532e-05,2.1464005311053453e-06,7.395010730290082e-06,0.0002051,0.1385938772560189,0.1385938772560189
8,10422,1044217,-5.5825e-06,8.2512e-05,6.583678567318359e-06,6.464741938118286e-06,0.00017019,0.04635800915146412,0.04635800915146412
8,1044217,1163245,-1.5011e-05,5.6046e-05,-2.877697980773091e-07,5.248991988434128e-07,0.0024727,0.41425505684662245,inf
8,1163245,2042942,-4.3668e-05,8.0016e-05,6.77839944255644e-07,6.392715245732361e-06,0.00014355,0.08777195449338406,0.08777195449338406
8,2042942,2573279,-3.1289e-05,8.0836e-05,-1.6169435431380144e-07,1.8624028617111638e-06,0.0012953,0.34896489864511193,inf
8,2573279,3392926,-8.458e-05,7.7246e-05,-6.5894759826492975e-09,1.45688278132435e-06,6.2877e-05,0.27072346425394217,inf
8,3392926,3783017,-4.0273e-05,8.0242e-05,8.970097680441562e-08,5.953527314070722e-07,0.00018642,0.27072346425394217,inf
8,3783017,4480476,-5.7697e-05,7.9077e-05,1.603798948989618e-07,1.0644545008586333e-06,0.00079116,0.27072346425394217,inf
8,4480476,5146927,-4.7448e-05,7.9764e-05,6.55144714813673e-08,9.563916856651386e-07,0.00098777,0.27072346425394217,inf
8,5146927,6142797,-5.8747e-05,7.9006e-05,-1.7445912983001412e-06,2.566024921642053e-06,0.00028027,0.8444360974550066,inf
8,6142797,7153079,0.00013448,9.1104e-05,4.358116798917542e-06,8.891334124176869e-06,5.0044e-09,0.04459174376919301,0.04459174376919301
8,7153079,9154694,-2.1126e-06,8.2735e-05,-3.4564461226569595e-06,1.002648764266806e-05,0.00028827,0.04570415737982971,0.04570415737982971
8,9154694,9640787,0.0064385,0.00027375,-4.0767275503913116e-07,2.226456711567438e-06,1.3981e-44,0.3893240683751138,inf
8,9640787,10463197,7.3838e-05,8.7487e-05,-3.052735302326981e-06,4.78193123636719e-06,1.7022e-08,0.32206830129038144,0.49676044000308694
8,10463197,11278998,0.00010522,8.9377e-05,4.358408259299326e-07,7.984431212664805e-06,1.6764e-05,0.1343379116146043,0.1343379116146043
8,11278998,13491775,-3.6969e-05,8.0461e-05,-8.452882159992632e-06,1.1958932368037177e-05,0.00020734,0.10959552769226152,0.10959552769226152
8,13491775,13944992,7.2646e-06,8.3337e-05,6.636738875470385e-07,2.1953807025700293e-06,0.0001638,0.23216904720488746,inf
8,13944992,15991660,-3.2052e-05,8.0786e-05,5.208250037026328e-06,4.741815162429117e-06,6.6173e-05,0.04601286401055286,0.04601286401055286
8,15991660,17387876,-4.7991e-05,7.9728e-05,1.4557825252010128e-05,8.757288390745173e-06,0.00011119,0.01973465432122663,0.01973465432122663
8,17387876,17836399,9.7064e-06,8.3493e-05,-2.122759141577558e-06,6.0714315811135915e-06,0.00072225,0.08572794802407609,0.3037745818255151
8,17836399,19492840,-1.8282e-05,8.1688e-05,-8.080290516451679e-06,7.901300123584916e-06,9.2831e-11,0.26582674943309137,0.26582674943309137
8,19492840,20060856,0.00016075,9.2626e-05,1.320460342877934e-05,5.878149719305822e-06,6.6313e-06,0.030912813850355023,0.030912813850355023
8,20060856,21661737,1.5727e-05,8.3876e-05,-5.650794836876639e-06,5.180308297850816e-06,2.3551e-09,0.6488803521911631,0.6488803521911631
8,21661737,22897057,0.00017444,9.341e-05,4.800005717082122e-05,1.6227895541939625e-05,1.0827e-14,8.972730038297287e-07,0.001134591640083599
8,22897057,24674718,9.0564e-05,8.8499e-05,5.77116042109737e-05,1.2605988352431512e-05,1.6152e-08,8.972730038297287e-07,0.0030723521310042946
8,24674718,25483454,9.4125e-05,8.4204e-05,1.22015971797214e-05,6.548380269512377e-06,0.0021559,0.01059920246082361,0.01059920246082361
8,25483454,26682525,1.7036e-05,8.3959e-05,2.356936896669041e-05,7.582893600670354e-06,8.4424e-05,0.011176968997198463,0.011176968997198463
8,26682525,28162392,3.2524e-05,8.4935e-05,5.698388254437387e-06,1.223807696678349e-05,2.841e-05,0.020139450246881675,0.020139450246881675
8,28162392,29327896,2.3354e-05,8.4359e-05,-9.05577299557619e-06,8.981480217449237e-06,8.2474e-05,0.1696316177286745,0.1696316177286745
8,29327896,31133729,3.6787e-05,8.5202e-05,-1.5120554792955223e-05,1.1160054368046511e-05,2.7309e-11,0.24463595428698076,0.24463595428698076
8,31133729,31548360,0.00025501,8.0229e-05,-8.687872282781824e-07,2.101970135694446e-06,0.0026032,0.505271457814656,inf
8,31548360,32977218,2.23e-05,8.4292e-05,-1.992571543490749e-06,3.562610910024921e-06,0.00027457,0.5105888923151756,inf
8,32977218,35317232,3.6339e-05,8.5174e-05,1.4296768820751737e-05,7.069816670619494e-06,8.6131e-05,0.02472069950606012,0.02472069950606012
8,35317232,37379389,4.3052e-05,8.5593e-05,-1.94032066085563e-06,4.046491677155324e-06,0.00013748,0.22548922356974843,0.9065161556760155
8,37379389,38938806,-5.9112e-05,7.8982e-05,4.367591756012208e-06,1.568236059847026e-05,0.00032603,0.0017036071981702244,0.0017036071981702244
8,38938806,40703337,0.00010583,8.9413e-05,-2.0452464503336015e-06,8.556601747422826e-06,1.9217e-05,0.04316958144653989,0.2920669219236741
8,40703337,41721454,7.811e-05,8.7747e-05,1.1824550520429376e-05,8.014464297162264e-06,1.1735e-05,0.011853764602772437,0.011853764602772437
8,41721454,42773823,5.9961e-05,7.5167e-05,-1.585958961879165e-05,1.1915185954308001e-05,9.9231e-05,0.25118427439366414,0.25118427439366414
8,42773823,46841315,4.1505e-05,4.4776e-05,-8.992354026922332e-06,6.73474740686157e-06,0.00045524,0.6304057345167504,0.6745143673927074
8,46841315,50082470,0.00036412,0.00010366,-1.1557153701721548e-05,8.557820301867607e-06,3.1428e-05,0.34947610279296826,0.34947610279296826
8,50082470,53302930,0.00018392,9.3949e-05,-1.704277804403119e-06,6.637047617838749e-06,2.2277e-05,0.21095454840898178,0.21095454840898178
8,53302930,54418044,8.4337e-05,8.8124e-05,1.5354591048010477e-05,6.597668805262017e-06,0.0010192,0.02740323645063462,0.02740323645063462
8,54418044,55945581,6.0953e-05,8.6699e-05,1.735248486177324e-06,8.8440495797655e-06,0.00029299,0.04429016131820339,0.04429016131820339
8,55945581,56956383,5.9474e-05,8.6527e-05,-6.876716231744823e-06,6.752201034039909e-06,0.00029277,0.35103579025569354,0.35103579025569354
8,56956383,59068651,4.0966e-07,8.2898e-05,-3.614388016381482e-06,9.020137084425519e-06,0.00013582,0.15164377620212277,0.15164377620212277
8,59068651,59728100,0.00044253,0.00010206,1.63885190117775e-05,6.601489230729132e-06,6.1859e-06,0.001530265691607049,0.001530265691607049
8,59728100,62329099,9.1584e-05,8.8561e-05,2.8872571385662072e-06,7.249127669121484e-06,0.00018399,0.017108605497544827,0.48714189705147193
8,62329099,63349306,0.00027376,9.4733e-05,8.611936342436561e-07,3.6250438522915964e-06,0.00012579,0.017108605497544827,0.27776954127020237
8,63349306,65232872,1.6037e-05,8.3895e-05,-3.2630740413700787e-07,6.298831704346105e-06,4.8681e-05,0.026483670006883005,0.5106357338662146
8,65232872,66489090,7.5454e-05,8.7585e-05,5.043432717284377e-07,4.513596343216971e-06,2.544e-05,0.026483670006883005,0.9511360164079455
8,66489090,69863057,4.0526e-05,8.5436e-05,2.666899347621584e-06,1.4663903253317353e-05,4.1649e-05,0.04843294005757222,0.04843294005757222
8,69863057,70867979,4.0473e-05,8.5432e-05,-4.919386212204183e-06,4.757404934944188e-06,9.1726e-05,0.3070022507945112,0.7875935604013296
8,70867979,72289454,1.5866e-05,8.3885e-05,1.621481946284562e-05,7.807856763891076e-06,0.00019225,0.005478660990009431,0.005478660990009431
8,72289454,73817199,3.2418e-05,8.4929e-05,-6.369533911390659e-06,5.739446448417202e-06,4.7527e-05,0.10135556356742396,0.6466993399577005
8,73817199,75445064,5.7798e-05,8.6505e-05,-7.120265515790655e-06,1.0723072966434432e-05,6.466e-05,0.09038152787195856,0.169213002916956
8,75445064,76456542,4.0231e-05,7.9665e-05,-1.5829238627195582e-06,4.8162858413142015e-06,4.369e-05,0.09038152787195856,0.42910651527114596
8,76456542,79132861,5.9954e-05,8.6638e-05,6.064426683736241e-06,5.1627638144329196e-06,7.6283e-07,0.07592071973787083,0.07592071973787083
8,79132861,81956395,2.1518e-05,8.4243e-05,1.5005227063210063e-05,9.473828829290159e-06,0.00036923,0.023835235691061385,0.023835235691061385
8,81956395,82693739,0.00016301,8.1358e-05,-1.2321242079514149e-05,9.973796663332099e-06,2.6757e-08,0.27783653607433145,0.27783653607433145
8,82693739,84225589,0.00016015,9.2592e-05,-2.005076468430145e-06,3.3150090245658614e-06,0.001231,0.280662923589872,0.698010194452399
8,84225589,85955619,0.00018206,9.3843e-05,-1.0234216522925148e-06,3.6997766343403906e-06,2.2027e-05,0.280662923589872,inf
8,85955619,87411709,0.00062744,0.00010765,-1.1241016879605369e-06,1.013967574103093e-05,9.9441e-06,0.08214278311545499,0.08214278311545499
8,87411709,89085481,8.3693e-05,8.8085e-05,-7.241574375697228e-06,6.836281917507462e-06,0.00011515,0.2415254937844844,0.2415254937844844
8,89085481,90638162,0.00032086,0.00010141,-2.8528028035813875e-06,3.4144611257017846e-06,7.8704e-05,0.5618675713357486,inf
8,90638162,93554386,0.00012394,9.0485e-05,-6.454624490590924e-06,1.1479805008949401e-05,4.4278e-05,0.15206910773347354,0.15206910773347354
8,93554386,95005527,-2.3094e-05,8.1374e-05,3.883736921055114e-06,6.98856823842004e-06,0.00033148,0.06304893909332732,0.06304893909332732
8,95005527,96534806,2.0546e-05,8.4181e-05,3.31842288098029e-05,1.1656691371953841e-05,0.00014473,0.00036107513647522536,0.00036107513647522536
8,96534806,99401581,-7.8792e-05,7.7644e-05,-1.1578572023873808e-05,1.2448481439823654e-05,2.4681e-05,0.10792164478461273,0.10984206048018369
8,99401581,101620958,-4.1458e-05,8.0163e-05,7.542106619569592e-06,1.0813631349365623e-05,0.0010939,0.04750756251741955,0.06822351678325539
8,101620958,104123306,-5.3121e-06,8.2529e-05,5.163268336588651e-06,1.0605174246736742e-05,3.1748e-06,0.04750756251741955,0.12664110102191037
8,104123306,104988752,0.00012505,8.0172e-05,3.7925357125427165e-06,7.726968774383494e-06,0.00052638,0.028509946826429027,0.028509946826429027
8,104988752,107410754,1.3328e-05,8.3723e-05,-7.1283882577432836e-06,6.968464478555815e-06,0.00015134,0.25342654254888347,0.41952624787835024
8,107410754,108648177,0.00014004,9.1428e-05,3.370300824868684e-06,4.643268482287533e-06,7.7702e-05,0.10445958379133821,0.10445958379133821
8,108648177,109248173,1.2036e-05,5.9513e-05,6.1134710926407e-07,3.4997151166991113e-06,0.0020627,0.208772016302613,0.208772016302613
8,109248173,110484314,0.00013374,8.8613e-05,-5.325471049925045e-06,7.376216947455567e-06,0.00012459,0.1455768785353317,0.2918274805082477
8,110484314,111850847,0.00013515,8.3766e-05,3.53002824749761e-06,5.2084166024543144e-06,1.0903e-05,0.0893575257774806,0.0893575257774806
8,111850847,113064320,0.00063755,0.00010509,-6.325762580708697e-07,1.3926872870042165e-06,0.0001618,0.36172885578999336,inf
8,113064320,116096495,-1.61e-05,8.183e-05,-1.728491883522979e-06,2.9367152397953996e-06,0.00033003,0.33819111428718673,inf
8,116096495,119685457,6.439e-05,8.691e-05,-5.399145390848408e-06,9.518201036117084e-06,1.0793e-08,0.07424926353607281,0.17231697657045547
8,119685457,121201700,5.4869e-05,8.6325e-05,1.7233888672152538e-09,9.453576354351754e-06,0.00082062,0.07424926353607281,0.1778000582845437
8,121201700,124861459,0.00014245,9.1568e-05,-1.9946024294935213e-05,1.3134713453626725e-05,6.1078e-08,0.11960865147974818,0.11960865147974818
8,124861459,125683719,4.9838e-05,8.6014e-05,2.277058828893114e-05,8.233528135925415e-06,0.0038919,0.011733855625270422,0.011733855625270422
8,125683719,126410917,6.5049e-05,8.5636e-05,1.9158532889722317e-06,6.9512606317213365e-06,0.000453,0.05815128354049149,0.05815128354049149
8,126410917,128659111,6.6263e-05,8.7025e-05,7.358386927973329e-07,5.539798766441027e-06,2.5256e-15,0.14316581626128203,0.14316581626128203
8,128659111,130381139,-1.2145e-05,8.2087e-05,5.334670807754703e-07,3.6228706079608334e-06,0.00047181,0.26220985000996505,inf
8,130381139,131639625,1.633e-07,8.2882e-05,-4.708789260666478e-06,4.892931420552361e-06,4.7944e-05,0.32321409556495684,0.8757038750115514
8,131639625,133351144,-4.611e-05,7.9854e-05,1.1611405780022298e-05,6.751160963920776e-06,0.00037625,0.02565321251991416,0.02565321251991416
8,133351144,134570001,-1.8632e-06,8.2751e-05,2.42728973509283e-05,8.905042344717148e-06,8.1995e-05,0.004079310168978708,0.004079310168978708
8,134570001,136035605,8.9479e-05,8.8434e-05,2.77764294191411e-05,3.991386993771409e-06,9.9676e-09,0.002993232071859243,inf
8,136035605,137524151,-3.8839e-05,8.0337e-05,1.9904430016860828e-06,2.556123979783369e-06,0.00073305,0.002993232071859243,inf
8,137524151,139254830,6.7581e-06,8.3304e-05,2.1579285892347268e-06,2.806229364997652e-06,0.0002309,0.16072103791141315,inf
8,139254830,140725643,-2.4757e-05,8.1265e-05,-6.54045646792194e-07,3.360380998267159e-06,4.0028e-05,0.16072103791141315,0.46037250626178117
8,140725643,143044914,-2.1378e-05,8.1486e-05,-5.221262312788151e-06,9.347157349821004e-06,2.4023e-09,0.19370487489809096,0.19370487489809096
8,143044914,144236881,0.00011127,8.9737e-05,2.310726245165773e-05,1.2723448140966803e-05,4.6657e-07,0.008500480351923176,0.008500480351923176
8,144236881,146303867,0.00018187,9.3833e-05,3.6555153221573705e-05,2.5881335176026014e-05,3.4324e-13,0.0037578648932704494,0.0037578648932704494
9,10023,1079707,1.007e-06,8.2936e-05,-7.2768519089128705e-06,8.098927713669484e-06,0.00015222,0.375131686863585,0.375131686863585
9,1079707,1916877,-5.7733e-06,8.25e-05,-1.179718667243438e-06,3.2660155181941644e-06,0.00040942,0.1803638820402893,inf
9,1916877,3190064,-3.2403e-05,8.0762e-05,-2.0435189775200546e-06,6.0457001805484875e-06,6.1535e-05,0.1803638820402893,0.26477659782368246
9,3190064,4495328,-7.1946e-05,7.8112e-05,2.0089667364054503e-06,4.861054309751508e-06,1.1567e-05,0.1535081757302485,0.1535081757302485
9,4495328,4884926,2.4101e-05,8.4406e-05,6.429908963987442e-06,6.984484016881041e-06,0.0013881,0.0024853837864237454,0.31185321095775587
9,4884926,6557589,-3.0923e-05,8.086e-05,4.375105481223864e-05,1.3426685934581e-05,0.00010348,0.002454790988604323,0.002454790988604323
9,6557589,7154923,3.0287e-05,8.4795e-05,4.247625012561658e-06,3.5084925545311157e-06,0.00080395,0.11054445603485247,inf
9,7154923,8456299,-4.0578e-05,8.0222e-05,-5.817844318030252e-07,3.061024203888172e-06,0.00010703,0.11054445603485247,inf
9,8456299,9166403,-5.3922e-05,7.9331e-05,-6.558220860948224e-07,8.686983269611224e-07,0.00068986,0.5216950799519999,inf
9,9166403,10879253,-5.8261e-05,7.9039e-05,-9.712204583644537e-07,2.33012469660325e-06,0.00037261,0.5216950799519999,inf
9,10879253,12276489,-3.6669e-05,8.0481e-05,-1.559893962301892e-06,2.38484764007832e-06,0.00026853,0.5216950799519999,inf
9,12276489,14836363,-6.2506e-05,7.8753e-05,-2.5286786798804017e-06,7.489800934467919e-06,1.9209e-06,0.1768716902062023,0.1768716902062023
9,14836363,16659655,-4.7767e-05,7.9743e-05,1.0911102214762517e-05,7.906888549255776e-06,0.00041006,0.0036315289211798964,0.0036315289211798964
9,16659655,18661051,5.2492e-05,8.6178e-05,-9.660626905236082e-07,5.611983539133801e-06,7.3756e-07,0.13266970227699135,0.5233740373898152
9,18661051,20463534,1.3122e-05,8.371e-05,8.649277116564336e-06,9.647684888464987e-06,5.2101e-06,0.02874975365023804,0.02874975365023804
9,20463534,22206559,-2.652e-05,8.1149e-05,-8.743330095384509e-06,8.688966005270535e-06,0.000635,0.12867506421075234,0.35628705520041415
9,22206559,24158518,-4.4979e-05,7.984e-05,7.538704515515204e-07,4.680192744833112e-06,0.0002331,0.13039482647459485,0.13039482647459485
9,24158518,25330810,3.1362e-05,8.4779e-05,1.9127798338606826e-06,3.337423141186371e-06,0.0022637,0.17781084334950287,inf
9,25330810,26111757,-2.9146e-05,8.0977e-05,7.662181323183016e-08,2.2209795101877796e-06,2.7315e-05,0.30578613122799714,inf
9,26111757,28224283,2.1808e-05,8.4261e-05,-6.774707996169004e-06,9.92568427004252e-06,1.1625e-06,0.11299783286187103,0.11299783286187103
9,28224283,28811584,9.542e-05,8.6362e-05,-2.1712086235858275e-07,7.980471014543088e-07,0.00090035,0.4328210262388966,inf
9,28811584,30387392,0.00014232,9.156e-05,-5.860538985072865e-07,2.110385148090648e-06,1.8995e-05,0.4328210262388966,inf
9,30387392,31310383,0.00039374,0.00010097,-4.815096155200333e-07,1.4582714707688968e-06,0.00079809,0.46533243318159223,inf
9,31310383,32019368,0.0002243,8.5272e-05,-3.6986611436023846e-07,1.1201545829841096e-06,0.0023763,0.46533243318159223,inf
9,32019368,33578334,4.4427e-05,8.5678e-05,-1.614578876850345e-05,1.2469843325367063e-05,2.2089e-05,0.1872912916616068,0.1872912916616068
9,33578334,34642243,0.00040213,9.9289e-05,-6.5521759377311664e-06,1.3338265772717658e-05,5.5442e-08,0.05905795109996177,0.05905795109996177
9,34642243,36743283,-1.5185e-05,8.189e-05,2.2860110126853974e-05,2.099009149880786e-05,1.421e-05,0.026468288937721057,0.026468288937721057
9,36743283,38641599,1.0251e-05,8.3527e-05,1.742364890743387e-05,1.2855652496951745e-05,0.00016355,0.00286049525698209,0.00286049525698209
9,38641599,65472190,2.2956e-05,5.8702e-05,2.0226979203291703e-06,7.583582724006626e-06,0.0015373,0.027822996421244153,0.027822996421244153
9,65472190,72512711,-3.6457e-05,8.0495e-05,-5.684864909398236e-06,1.2030411549760632e-05,8.0803e-05,0.08032892420022417,0.08032892420022417
9,72512711,72753755,7.4331e-05,5.0928e-05,1.1789031523604801e-06,2.66867560375864e-06,0.0001172,0.12861035885568736,inf
9,72753755,74253040,-2.5646e-05,8.1207e-05,8.221877819986384e-06,6.386902058104234e-06,1.679e-05,0.05222480494280794,0.05222480494280794
9,74253040,76203946,0.00014833,9.1909e-05,9.71518136843459e-06,9.15283839959545e-06,5.747e-10,0.03502465609142971,0.03502465609142971
9,76203946,76973081,0.00038477,9.1017e-05,-1.320451300351917e-06,2.2655819619147554e-06,0.00022736,0.4377737445034394,inf
9,76973081,78900183,-3.3493e-06,8.2656e-05,2.057449248022757e-05,8.19086659299222e-06,0.00010882,0.001609299348437327,0.001609299348437327
9,78900183,79471208,8.0019e-06,8.3384e-05,8.5113098077055e-06,5.205639448719499e-06,0.0005543,0.01575036480891391,0.853492287165959
9,79471208,81079055,3.781e-05,8.5266e-05,1.0539906223110977e-05,7.4628682490345645e-06,8.1668e-06,0.004330495181293556,0.004330495181293556
9,81079055,82590928,-8.6655e-06,8.2313e-05,1.6777381295790823e-06,3.1523109353374175e-06,1.1323e-05,0.20898205544530613,inf
9,82590928,84211233,1.2075e-05,8.3644e-05,7.871371682650948e-06,2.9964319753674737e-06,3.8348e-05,0.026784899302808182,inf
9,84211233,85440801,7.1375e-05,8.7337e-05,7.670038101220588e-07,3.68158666367817e-06,0.00016661,0.026784899302808182,0.8207391928585644
9,85440801,86938196,0.00010253,8.9216e-05,9.95673972943549e-07,9.60630139745733e-06,2.3199e-09,0.08561821792515437,0.08561821792515437
9,86938196,88109333,8.6966e-05,8.8283e-05,-9.415037219091871e-07,4.10627203754151e-06,1.7709e-05,0.18648625822556084,0.44815934279993663
9,88109333,88590417,2.0456e-05,5.1129e-05,-2.8722375540062154e-06,3.104780758453817e-06,0.00051252,0.7717174948281125,inf
9,88590417,90136246,3.4789e-06,8.3095e-05,-3.3458663076280185e-06,7.598339092619813e-06,0.00037857,0.04523918551210937,0.2842505474482705
9,90136246,92528698,3.2089e-05,8.4908e-05,-1.4125251785916928e-05,1.1252490732871966e-05,6.2484e-07,0.04523918551210937,0.12953588525095733
9,92528698,94167203,-3.5694e-05,8.0545e-05,-5.778484902946629e-06,5.924559600450245e-06,1.0986e-06,0.41148906619585013,0.5102387327131996
9,94167203,96671698,4.0797e-05,8.5453e-05,1.2127631101610127e-05,1.5455948378020478e-05,6.4771e-05,0.026182202421250904,0.026182202421250904
9,96671698,98922040,0.00010231,8.9203e-05,2.405552544502507e-05,1.0587696499585102e-05,1.6425e-05,0.008606469702062693,0.008606469702062693
9,98922040,101592859,4.7743e-05,8.5884e-05,2.6944819026236366e-05,1.6380856034741464e-05,2.6638e-05,0.0013499868038693665,0.0013499868038693665
9,101592859,104624437,1.4472e-05,8.3796e-05,-7.740108934795307e-06,1.5000624111485837e-05,0.00023102,0.0490293621842272,0.0490293621842272
9,104624437,105967976,-2.7849e-05,8.1062e-05,1.3042880905787735e-06,3.2085915387599885e-06,2.7401e-06,0.2245979024434609,inf
9,105967976,107581749,7.5111e-05,8.7565e-05,6.5928867778559935e-06,9.38069283781377e-06,6.6543e-05,0.044611598442897596,0.044611598442897596
9,107581749,109298754,0.00013256,9.0991e-05,8.532730382025177e-08,8.10555084383728e-06,1.6417e-06,0.06141988858375835,0.06141988858375835
9,109298754,110695062,0.00018274,9.3882e-05,1.1542000033114533e-05,4.710592968132235e-06,6.2888e-07,0.027377020957459502,0.027377020957459502
9,110695062,112778024,0.00014004,9.1428e-05,6.26929577707941e-06,1.0705952317778067e-05,1.2718e-12,0.01019216890534954,0.01019216890534954
9,112778024,114831082,-1.708e-05,8.1766e-05,-7.1388829120484946e-06,1.2460546366633669e-05,1.2603e-08,0.11080436550133617,0.11080436550133617
9,114831082,115693145,0.00027545,9.5721e-05,-2.484629688658385e-07,8.055557783263572e-06,3.1192e-05,0.04827888315655193,0.04827888315655193
9,115693145,117019801,3.0763e-05,8.4825e-05,4.241738390733291e-07,1.3511925233595861e-05,1.597e-05,0.011523784227162846,0.011523784227162846
9,117019801,117921960,6.9007e-06,8.3143e-05,-5.293467523296664e-07,9.861006867629545e-06,1.0847e-05,0.08900556378093086,0.08900556378093086
9,117921960,121321537,-4.2401e-05,8.0101e-05,-5.795104668720803e-07,7.39140717364146e-06,2.7971e-05,0.07655881280793396,0.07655881280793396
9,121321537,122260297,-8.8512e-06,8.2301e-05,-2.099106989431922e-06,3.032821820707411e-06,0.0011264,0.8842887001273525,inf
9,122260297,124871322,-2.9672e-05,8.0942e-05,-1.0982054050398039e-05,1.1569797142503894e-05,2.2637e-06,0.20763018171076042,0.20763018171076042
9,124871322,126971887,-6.6266e-06,8.2444e-05,-3.7937043174673865e-07,1.6923360022345297e-05,0.00017728,0.007983552599913157,0.007983552599913157
9,126971887,129059665,9.4969e-06,8.3479e-05,3.9268826724190954e-05,1.2226311063852402e-05,0.00080465,0.012836666952054078,0.012836666952054078
9,129059665,130055510,-4.597e-05,7.9863e-05,9.986910532318025e-06,7.880633866989903e-06,0.00026361,0.02621399387756775,0.03690154312860283
9,130055510,132165470,7.0761e-05,8.73e-05,2.4451530343104004e-05,2.475466213965394e-05,2.0405e-07,0.011737128485692118,0.011737128485692118
9,132165470,133223217,-1.1566e-05,8.2125e-05,-1.526038269548963e-06,1.170943975736423e-05,2.1314e-05,0.017673636927086837,0.09247229812657998
9,133223217,134127888,7.0669e-05,8.7294e-05,6.138203000449729e-06,1.0065134219269436e-05,0.00020726,0.017673636927086837,0.03529734425564138
9,134127888,135298842,-6.1576e-06,8.2475e-05,-8.187084506883548e-06,9.862706845893472e-06,0.0011702,0.1969441894895336,0.1969441894895336
9,135298842,137041122,5.7209e-05,8.6469e-05,3.040394821740058e-05,1.838604927306264e-05,1.7846e-08,0.006107814219978007,0.006107814219978007
9,137041122,137589364,0.00010769,8.9524e-05,-2.444151649091625e-06,3.7521609398437627e-06,0.0020105,0.37582462370775693,0.7919631855959802
9,137589364,138938978,-2.5651e-05,8.1206e-05,7.01531137982124e-06,1.2590024109649039e-05,0.00052799,0.017271094214697576,0.017271094214697576
9,138938978,139500342,0.0001325,9.0988e-05,-1.6591814268230314e-05,1.1545992897485036e-05,5.1767e-09,0.0990074770636629,0.28507042697227375
9,139500342,141144796,1.3914e-06,8.2961e-05,-7.064357459739229e-06,2.5302120150074083e-05,0.00024437,0.021803343462499826,0.021803343462499826
10,60523,751339,1.1646e-05,5.5164e-05,2.6576654692605172e-06,4.6703187622144654e-06,0.00036709,0.08558980422093526,0.08558980422093526
10,751339,1523544,6.1954e-05,8.6761e-05,5.205785636656733e-07,7.414135010678003e-06,1.3453e-07,0.12259400284929349,0.12259400284929349
10,1523544,2254500,2.1046e-06,8.3006e-05,-1.6968060772977985e-06,2.404963960780093e-06,0.00087886,0.9624948000604272,inf
10,2254500,3352699,-9.4205e-05,7.6579e-05,3.532418398301227e-06,3.757717568086687e-06,0.00018047,0.12610647079071685,0.12610647079071685
10,3352699,4572274,-1.2256e-05,8.208e-05,-1.722902973516692e-06,3.8718859734392315e-06,0.00012854,0.22877066118840522,0.5033617362415912
10,4572274,5983762,3.9867e-05,8.5395e-05,5.412776958696619e-06,1.2073146995521515e-05,2.9129e-05,0.01179056479061136,0.01179056479061136
10,5983762,7171484,-4.6528e-05,7.9826e-05,-8.002526442376592e-06,7.44238821808034e-06,1.1982e-06,0.23479995470741427,0.5189888135682756
10,7171484,8774665,-1.8579e-05,8.1669e-05,1.0499589394269539e-06,7.775705403203634e-06,0.00029105,0.13945046108555406,0.13945046108555406
10,8774665,10249396,-2.9853e-05,8.093e-05,1.0934798940056164e-07,2.118800882541399e-06,0.0006755,0.1744093140829224,inf
10,10249396,12586797,4.9582e-05,8.5998e-05,1.2493622171220218e-06,9.618580371607706e-06,2.3086e-07,0.11072354607026241,0.11072354607026241
10,12586797,13321600,-6.9475e-05,7.828e-05,-2.3961539247018525e-06,7.0497370201051605e-06,3.3634e-05,0.22416735160784956,0.22416735160784956
10,13321600,15026068,-4.6723e-05,7.9813e-05,9.221610099257251e-06,1.026890174570835e-05,9.2182e-05,0.04100192180810043,0.04100192180810043
10,15026068,16551767,3.4417e-05,8.5054e-05,-5.437126591965219e-06,9.473000650804798e-06,1.1121e-06,0.08198919952666459,0.08198919952666459
10,16551767,18537267,1.39e-05,8.376e-05,1.4141751267360893e-06,1.0368748938880552e-05,2.0824e-27,0.08792511877701158,0.08792511877701158
10,18537267,19716878,2.4152e-05,8.4409e-05,9.526336206142436e-06,5.530857342767905e-06,0.00076784,0.06737768084865801,0.06737768084865801
10,19716878,22772283,0.00018877,9.4223e-05,-1.0122629953037092e-05,1.0383736742214641e-05,5.3911e-19,0.07288333174038873,0.07288333174038873
10,22772283,23175132,0.00086229,0.00011186,-2.379289656795576e-06,3.546910754872833e-06,4.2866e-08,0.28486406066548786,0.8390734236826302
10,23175132,25578596,5.9206e-05,8.6592e-05,1.8121811076746003e-05,1.0161296117173062e-05,9.6366e-05,0.001729393462664412,0.001729393462664412
10,25578596,26888684,-1.9349e-05,8.1619e-05,-4.414334927410926e-06,6.266278019317712e-06,0.00058377,0.2984802776025246,0.6349246942028541
10,26888684,29323236,7.4205e-05,8.7509e-05,6.009237682825552e-07,1.1900629869705202e-05,5.8499e-06,0.05791364629660754,0.05791364629660754
10,29323236,29783692,7.0762e-06,8.3325e-05,6.859346711970978e-06,3.325696719492782e-06,4.1249e-05,0.04554506446235059,0.04554506446235059
10,29783692,30458838,2.1882e-05,8.4266e-05,4.6876178990920806e-06,4.155213730872876e-06,1.1415e-05,0.05239795088716554,inf
10,30458838,31907519,-4.7809e-06,8.2564e-05,-3.8515494567157896e-06,7.310689025724902e-06,0.00024074,0.05239795088716554,0.12139766562260587
10,31907519,33707968,-3.87e-05,8.0346e-05,-4.421605302638709e-06,7.5580153225082585e-06,0.00027395,0.12949547892308044,0.12949547892308044
10,33707968,35109355,9.3316e-05,8.8665e-05,1.992660920330993e-06,3.871552557152649e-06,4.0139e-05,0.18199833738092597,0.18199833738092597
10,35109355,36572508,8.087e-05,8.7914e-05,9.225069973061557e-06,7.231420841075034e-06,2.9972e-05,0.010850833002827855,0.010850833002827855
10,36572508,37790029,0.00010872,8.9585e-05,1.6786190206751392e-08,3.1050107245943375e-06,0.00061304,0.31546757367319705,inf
10,37790029,42372579,6.0197e-05,6.0249e-05,3.941236841380142e-07,6.9554323448685696e-06,0.00030206,0.09233185071434101,0.256091386852346
10,42372579,43894771,2.5747e-05,8.0998e-05,5.303072989460467e-06,7.532670927341717e-06,0.00074088,0.04554395409493016,0.0685738251584703
10,43894771,44730075,8.9391e-05,8.7299e-05,-3.875951192216559e-07,6.300115434967626e-06,0.0014582,0.04554395409493016,0.33444134059855274
10,44730075,48760450,8.4162e-06,8.341e-05,-4.311358481746496e-06,1.2535031037135118e-05,0.00011816,0.04083727099815832,0.08414995680887394
10,48760450,50840915,4.6378e-07,8.2901e-05,-2.1019789107265877e-06,1.0649299686088563e-05,2.3524e-06,0.04083727099815832,0.14524828381057844
10,50840915,53616629,-5.0325e-06,8.2547e-05,-3.316971916269072e-06,1.1558087221882345e-05,2.2658e-05,0.13457452604876638,0.13457452604876638
10,53616629,55103572,-6.4618e-05,7.861e-05,-3.4653345560345645e-06,4.236737543101597e-06,6.2468e-06,0.4919189938950893,0.5795089140430336
10,55103572,57031140,-5.515e-06,8.2516e-05,-1.276701172815102e-06,3.0195294440594695e-06,0.00066663,0.45270585428011323,inf
10,57031140,57662146,2.5979e-05,5.752e-05,2.448780508920498e-06,8.427208058333303e-07,0.0037111,0.011687569859352064,inf
10,57662146,58959528,0.0003312,9.6667e-05,9.238274266836503e-06,2.4385453722790134e-06,0.00039181,0.011687569859352064,inf
10,58959528,60289987,0.00025357,9.7817e-05,-2.7092737360131536e-06,6.587696823666136e-06,2.2473e-05,0.011687569859352064,0.28441347796916383
10,60289987,61891409,0.00030415,0.00010053,4.70002644322096e-05,7.385338694424621e-06,1.3535e-11,1.3405370277230374e-05,1.3405370277230374e-05
10,61891409,62659679,0.00019252,9.0366e-05,-1.430160488686663e-07,4.599783084151744e-06,0.00010975,0.15018852176509892,0.1839256836821584
10,62659679,63341695,0.00034066,8.4471e-05,-5.974691610228121e-08,4.398997424619177e-06,0.00048647,0.15018852176509892,0.9388472340463111
10,63341695,65794114,0.0003083,0.00010075,-2.546662640582544e-06,9.37067470306322e-06,1.0487e-17,0.17570457926740046,0.19296380127808369
10,65794114,67549615,3.049e-05,8.4808e-05,-2.3257223709010267e-06,2.472722020420445e-06,9.4962e-05,0.8975583877277683,inf
10,67549615,69900148,-2.7013e-05,8.1117e-05,3.0245213827347006e-06,7.162105410997704e-06,0.00025315,0.0609260048040005,0.0609260048040005
10,69900148,70195991,6.9801e-05,5.6023e-05,2.2346497623824965e-05,6.897862231116305e-06,0.002115,0.017795708040827068,0.017795708040827068
10,70195991,72220850,-5.4937e-05,7.9263e-05,-2.142348833582148e-06,1.6781935337685444e-05,0.00028094,0.07765198337556226,0.07765198337556226
10,72220850,73508512,1.3146e-07,8.288e-05,-9.424496767581843e-06,1.0534006354694426e-05,8.342e-05,0.24516946946447893,0.24516946946447893
10,73508512,75422550,0.00013422,9.1088e-05,3.278848247149863e-05,1.6277443161504967e-05,0.00010798,9.272772996864665e-05,9.272772996864665e-05
10,75422550,78706814,1.5105e-05,8.3836e-05,-8.313312830866788e-06,1.4842419931039734e-05,2.4033e-05,0.07265133653820002,0.07265133653820002
10,78706814,80876749,6.1382e-05,8.6726e-05,8.005938873162219e-07,6.649630311052032e-06,8.6278e-06,0.04405648991220959,0.04405648991220959
10,80876749,82414679,2.7634e-05,8.4628e-05,-2.6077723448392164e-06,1.2834345262264174e-05,8.4451e-05,0.0686520420240144,0.0686520420240144
10,82414679,84383745,-2.2315e-05,8.1425e-05,-6.667228055333595e-07,3.579517284927471e-06,0.00066237,0.24844376486213388,inf
10,84383745,85458703,-6.1717e-06,8.2474e-05,-1.3056996782786513e-06,1.9821983648390245e-06,0.00026213,0.4598247000475999,inf
10,85458703,87937577,-6.0228e-05,7.8907e-05,4.035082271938763e-06,8.846035119252991e-06,0.00032294,0.07553400846119135,0.07553400846119135
10,87937577,89127064,0.00021818,9.5797e-05,-2.966050393406305e-06,1.0954817014921932e-05,4.5496e-05,0.04434731836666561,0.04434731836666561
10,89127064,91013381,-1.3098e-05,8.2025e-05,9.960843506589686e-06,1.3206491208062837e-05,3.9591e-05,0.00044206100936814547,0.00044206100936814547
10,91013381,92006581,2.4147e-05,8.4409e-05,6.9468713670356986e-06,9.8722450198605e-06,0.00018938,0.02754269374410328,0.02754269374410328
10,92006581,93335047,3.4497e-05,8.5059e-05,-6.249332925695171e-06,7.403903884400945e-06,0.0010728,0.20593742766791975,0.20593742766791975
10,93335047,95396368,8.8788e-06,8.344e-05,1.603142824915746e-05,1.3171127550474182e-05,9.2284e-07,0.013233312511919055,0.013233312511919055
10,95396368,96221243,9.9058e-05,8.2048e-05,1.0585294662672464e-05,7.796978867569591e-06,0.0017595,0.01232125626946178,0.01232125626946178
10,96221243,97822357,0.00036095,0.0001035,2.0578757109429456e-05,1.1605369854562854e-05,1.6959e-06,0.0011023662590706489,0.0011023662590706489
10,97822357,100241302,-3.1496e-05,8.0822e-05,-9.953599025406738e-06,1.855574737466167e-05,1.1614e-05,0.03305505271650956,0.03305505271650956
10,100241302,100668400,7.4222e-05,5.8771e-05,-1.0751951231805848e-06,3.015667144071263e-06,0.0016356,0.34708533260676133,inf
10,100668400,102949239,-5.5204e-06,8.2516e-05,3.675090675111617e-05,1.7844825163065746e-05,2.4366e-05,0.006424555077677144,0.006424555077677144
10,102949239,104380410,0.00034182,0.00010174,-2.0815922289041213e-05,1.6490134731123634e-05,4.1414e-06,0.048859222601139764,0.048859222601139764
10,104380410,106695048,5.7455e-05,8.6484e-05,2.9591071274631884e-06,1.7707486089891115e-05,1.2124e-06,0.0560784117368602,0.0560784117368602
10,106695048,108726686,1.8172e-05,8.4031e-05,-1.8145018345874076e-06,2.9717474530907947e-06,1.0947e-05,0.5067493632980485,inf
10,108726686,110317705,-2.5248e-05,8.1233e-05,-1.1368321660604886e-06,1.928491475008338e-06,9.3074e-05,0.4169276529201913,inf
10,110317705,112561493,-1.3559e-05,8.1995e-05,2.153661680417822e-05,8.502515425769415e-06,0.00015385,0.004553266166809864,0.004553266166809864
10,112561493,115328432,8.9493e-05,8.8435e-05,-8.109229151601438e-06,1.0859397713361112e-05,9.736e-11,0.1599158711843925,0.1599158711843925
10,115328432,116421406,-3.2214e-05,8.0775e-05,-1.7864006506041822e-06,1.0795046598411967e-05,9.0142e-05,0.11746785244174837,0.11746785244174837
10,116421406,119523934,-6.9377e-05,7.8287e-05,-8.137284045270205e-06,1.369129708889035e-05,0.00045895,0.06344480033112564,0.06344480033112564
10,119523934,120591353,-4.3211e-05,8.0047e-05,-4.0165239628770974e-06,6.317917902342601e-06,0.0010892,0.0793088270016132,0.190462211610682
10,120591353,122407323,-8.5819e-05,7.716e-05,1.2161306369690123e-06,1.1828609781434217e-05,0.0017282,0.022559144096881985,0.022559144096881985
10,122407323,123231465,4.7373e-05,8.5861e-05,-3.5641679658238787e-06,3.78824569933262e-06,3.8738e-07,0.4520369291049312,0.9109390079475579
10,123231465,123900545,-2.6557e-05,8.1147e-05,1.8173894295209825e-06,5.255550082874094e-06,0.00024114,0.11775181584378154,0.11775181584378154
10,123900545,125869346,1.5048e-06,8.2968e-05,2.0959140238739082e-05,1.422694754427765e-05,0.00014625,0.0008557268795128816,0.0008557268795128816
10,125869346,128001098,-4.2779e-05,8.0075e-05,1.1749069631170156e-05,1.3105081690853268e-05,0.00033567,0.04211884363124193,0.04211884363124193
10,128001098,129154362,-2.7389e-05,8.1092e-05,1.2199346323495004e-06,5.236953460216355e-06,0.00144,0.11554646365246447,0.11554646365246447
10,129154362,130844284,-6.4821e-05,7.8596e-05,-3.1792259518372105e-06,6.7235303482425314e-06,2.1712e-05,0.17762148425165342,0.17762148425165342
10,130844284,131741327,6.8345e-07,8.2915e-05,-3.2852700857271472e-06,3.4604958694564774e-06,1.1964e-05,0.7806416422759435,inf
10,131741327,132580245,0.00015837,9.2489e-05,-2.7813973490127442e-06,3.4913829634894473e-06,6.8394e-06,0.22158367227599038,0.8331691994635267
10,132580245,134336329,-2.2823e-05,8.1392e-05,-6.2012817029367415e-06,9.217645615139019e-06,2.0368e-05,0.18301028479440762,0.18301028479440762
10,134336329,134494673,0.00010455,4.7149e-05,-9.077804187908725e-07,2.4855845908694113e-06,2.2393e-07,0.4868395806661744,inf
10,134494673,135523865,-1.7772e-05,8.1721e-05,-2.804776989086721e-05,1.4589106994900453e-05,6.7304e-05,0.18479013145051504,0.18479013145051504
11,70855,1213590,1.2932e-05,8.3698e-05,-4.338652448009583e-06,2.18950359521104e-05,5.0977e-05,0.008812942982899115,0.008812942982899115
11,1213590,3665481,2.3083e-05,8.4341e-05,4.931638727173393e-06,2.01461605039105e-05,1.3888e-06,0.004874235862257391,0.004874235862257391
11,3665481,4746709,5.2803e-05,8.6197e-05,-4.982309840464562e-06,1.2584917653015306e-05,4.1527e-05,0.11543340000279238,0.11543340000279238
11,4746709,6322869,-4.6014e-05,7.986e-05,-1.0329059592697024e-05,2.3134469405846667e-05,0.00030755,0.062497078247149375,0.062497078247149375
11,6322869,7436701,3.6037e-05,8.5155e-05,8.290573736522654e-06,1.645197541712138e-05,4.0496e-05,0.02757059712874214,0.02757059712874214
11,7436701,8333274,-6.0375e-05,7.8897e-05,-1.1596714593267211e-05,1.0656066811366248e-05,2.1638e-11,0.11760672656224266,0.17102129502889635
11,8333274,9087317,0.00079408,0.0001235,2.594416709673487e-05,1.0026233558672782e-05,7.1367e-07,0.010042836677500337,0.010042836677500337
11,9087317,10952027,0.00016423,9.2826e-05,2.4213958861526624e-05,1.2235713392913986e-05,1.1431e-11,0.012466399183621123,0.012466399183621123
11,10952027,12564229,-6.056e-05,7.8884e-05,5.440048168526331e-06,8.612008027298817e-06,0.00011615,0.024467543701955287,0.024467543701955287
11,12564229,13373124,0.00030423,0.00010054,6.015806428788892e-06,4.635261436697745e-06,1.0884e-07,0.02329060833369424,0.8821667387190671
11,13373124,15742552,5.8834e-06,8.3248e-05,-5.705364878717157e-07,1.0922673600411814e-05,5.526e-05,0.02329060833369424,0.13763580022891894
11,15742552,17578402,0.00017197,9.3269e-05,-6.75270130340411e-06,1.0450815109031513e-05,7.8156e-08,0.06269497790436208,0.07250510939695148
11,17578402,19569535,2.7356e-05,8.4611e-05,4.146920621518738e-05,1.5877732836336398e-05,5.5703e-10,0.0016041217274528356,0.0016041217274528356
11,19569535,21017138,-7.7445e-05,7.7736e-05,-9.00048240766367e-06,7.22593268505123e-06,2.0953e-05,0.5046685929008639,0.5392960828651318
11,21017138,22374142,-4.1547e-05,8.0157e-05,-2.6825399683781226e-06,4.444452689487873e-06,0.00061918,0.12397558742664402,0.9530108588093841
11,22374142,24088517,-2.1071e-05,8.1506e-05,3.5334577444816256e-06,7.050232271739838e-06,3.3851e-05,0.11820076703854833,0.11820076703854833
11,24088517,26045753,-5.9196e-05,7.8976e-05,-1.3757267171390426e-06,3.2493612337466537e-06,0.00020124,0.38638316512581916,inf
11,26045753,27020461,1.325e-05,8.3718e-05,-3.359337644466161e-06,5.64224825183684e-06,0.0010314,0.20694770378841285,0.20694770378841285
11,27020461,28481593,-7.1936e-06,8.2408e-05,-2.510896371957417e-07,8.212733311680873e-06,9.8748e-05,0.08242688050823002,0.08242688050823002
11,28481593,30141357,0.00049043,0.00010996,1.1481986696419932e-06,3.981271449499063e-06,2.0659e-06,0.08760278257953864,inf
11,30141357,32276901,0.0001591,9.2531e-05,2.4839464417150164e-06,9.953498670989394e-06,6.8538e-05,0.0752798111428007,0.0752798111428007
11,32276901,33958739,0.0001436,9.1635e-05,-4.051271935637574e-06,1.2208635396612916e-05,6.9127e-06,0.06834649868810586,0.06834649868810586
11,33958739,35502605,0.00020883,9.535e-05,2.6362258121566845e-06,1.059362226022773e-05,3.4886e-14,0.10457678846170614,0.10457678846170614
11,35502605,37116815,-6.9373e-05,7.8287e-05,2.2046426199698453e-06,9.5285134976713e-06,4.1097e-06,0.08732548981340692,0.08732548981340692
11,37116815,39382003,4.9411e-05,8.5988e-05,1.056280007025539e-06,2.62509793415757e-06,0.00014143,0.1753337733896015,inf
11,39382003,42310003,6.2917e-06,8.3275e-05,-2.1829106857970982e-06,2.7279640912791882e-06,6.0116e-05,0.6351836161313742,inf
11,42310003,44693799,-6.5571e-05,7.8545e-05,5.4043967877107095e-06,1.0151137235018872e-05,0.00017625,0.05834837628154001,0.05834837628154001
11,44693799,47006137,2.2573e-05,8.4309e-05,4.082277900843628e-06,1.6222087386075886e-05,7.3638e-11,0.0192592190031278,0.0192592190031278
11,47006137,49866050,0.0044151,0.00023157,1.8497173104818202e-05,1.6831692162001165e-05,1.4719999999999998e-22,0.04926481311178497,0.04926481311178497
11,49866050,55082657,0.00038555,6.9168e-05,1.319249248592146e-06,4.055506359359438e-06,2.8598e-14,0.15289435316709962,0.38427626120798597
11,55082657,58457495,7.3008e-05,8.7437e-05,5.309758094032271e-05,2.4308060224768096e-05,5.1062e-07,7.07569995520769e-05,7.07569995520769e-05
11,58457495,58780549,0.00012462,4.8055e-05,5.112053867892409e-06,4.737669548566558e-06,0.0012331,0.10940745735749066,0.2163295595707252
11,58780549,62223771,0.00012352,9.0461e-05,4.773811197786181e-05,2.7876250794484185e-05,8.7538e-11,0.00012066928957361523,0.00012066928957361523
11,62223771,63804569,0.00014242,9.1566e-05,2.0271717071346423e-05,2.2671330610265788e-05,8.7038e-05,0.010216506412310134,0.010216506412310134
11,63804569,65898631,0.00024273,9.7225e-05,5.2912451873336544e-05,3.0539446535981355e-05,2.4127e-10,0.0007716311425794932,0.0007716311425794932
11,65898631,68005825,0.00029059,9.9811e-05,3.885680668379724e-05,2.563257753852476e-05,2.5142e-11,0.0019751297253386628,0.0019751297253386628
11,68005825,69516130,0.0003547,0.00010318,5.247080384296474e-06,1.1872732110043339e-05,1.2509e-11,0.027564303671341293,0.027564303671341293
11,69516130,70926292,-5.4752e-05,7.9275e-05,1.4050373950967129e-05,9.033182139361636e-06,2.2971e-05,0.019774862015278553,0.019774862015278553
11,70926292,72286017,0.00015654,8.2665e-05,6.416916572747526e-06,1.5159802752700652e-05,0.00014674,0.01926051943050679,0.01926051943050679
11,72286017,74412351,9.5568e-05,8.88e-05,-9.368811645184775e-08,1.606616215736748e-05,2.3084e-17,0.06201374292660553,0.06201374292660553
11,74412351,76797209,0.00016024,9.2597e-05,-3.5162475400618507e-06,1.607559692021757e-05,7.2435e-10,0.011219135646099214,0.011219135646099214
11,76797209,78355058,8.3762e-05,8.8089e-05,-2.132478169097665e-05,1.3484860504610555e-05,8.2388e-05,0.13800677668793096,0.22252014803972356
11,78355058,80722373,2.554e-06,8.3035e-05,-1.3200469740441156e-06,3.5255236547183034e-06,1.0282e-06,0.3632491828127893,0.3632491828127893
11,80722373,81266712,5.2219e-05,8.1598e-05,-4.4470472346595493e-07,9.355837287881879e-07,0.00049991,0.5669625092867316,inf
11,81266712,84381272,-2.1398e-05,8.1485e-05,3.194462663817964e-06,8.654860161076682e-06,9.1876e-05,0.05613492812646888,0.05613492812646888
11,84381272,86619301,0.00018289,9.389e-05,8.142410091791083e-06,1.1516285032756733e-05,6.103e-09,0.02093831140726399,0.02093831140726399
11,86619301,87430235,0.00021875,9.4261e-05,-2.816495811033572e-06,4.686502343405653e-06,0.00030449,0.0588971354516122,0.43571263724979625
11,87430235,89208936,1.4772e-05,8.3815e-05,-5.735327579644664e-06,6.655888789386979e-06,0.00046044,0.41517612878926224,0.41517612878926224
11,89208936,90966490,3.7384e-05,8.5156e-05,-4.019686692308615e-06,8.094356183265903e-06,0.00010835,0.1345160779480473,0.1345160779480473
11,90966490,92077144,0.00016603,9.2929e-05,-1.15226731242833e-06,2.2708730076486144e-06,4.0025e-05,0.501818345471156,inf
11,92077144,93276157,5.8645e-05,8.6558e-05,7.105155191815027e-06,6.178891883418472e-06,6.0281e-05,0.015543563447684684,0.015543563447684684
11,93276157,94242260,8.1429e-05,8.142e-05,7.624224383040389e-06,1.081278330959396e-05,0.00030749,0.00495090595161428,0.00495090595161428
11,94242260,95726041,8.6373e-05,8.8247e-05,-7.2848281933774135e-06,1.0877672293504391e-05,2.3059e-08,0.1696041058794724,0.17666727271430918
11,95726041,97057058,-2.6451e-05,8.1154e-05,-1.5538336829305995e-07,5.021414860501964e-06,0.0001636,0.07537909074915453,0.4307693987719482
11,97057058,98705065,-5.4406e-05,7.9209e-05,1.577643706888634e-06,1.979033288775128e-06,8.3179e-05,0.07537909074915453,inf
11,98705065,100417169,-8.1132e-06,8.2348e-05,5.221061794087803e-07,2.4833596944957505e-06,2.6844e-06,0.08273919442925878,inf
11,100417169,101331121,0.00026811,9.8605e-05,8.977379300484774e-07,3.916545294984415e-06,4.19e-07,0.08273919442925878,0.532296251951135
11,101331121,103959636,-2.8957e-05,8.0989e-05,-1.9048921082381924e-05,1.4289225111997234e-05,0.00037172,0.06896406513182751,0.06896406513182751
11,103959636,104873284,0.00016843,7.7533e-05,-3.930773085276705e-06,4.5798227260244626e-06,0.00022032,0.24854620836887115,0.8137671690697664
11,104873284,106520894,7.3065e-05,8.744e-05,1.1217383190773032e-06,9.636996708531224e-06,2.4094e-05,0.005286765758193427,0.11451064508028966
11,106520894,107844200,4.3612e-05,8.5545e-05,2.0571640876317367e-05,7.421213685771466e-06,0.00015425,0.005286765758193427,0.06726908194934657
11,107844200,108437037,4.4155e-05,5.4191e-05,-8.005927357031009e-06,8.219522628828592e-06,0.0034985,0.020852576587868387,0.4335869087419443
11,108437037,109866116,3.2936e-06,8.3083e-05,1.1688118151014891e-07,4.398118651962237e-06,0.0005441,0.1497743443697579,0.1497743443697579
11,109866116,111114397,0.00010389,8.9298e-05,-7.19103339434249e-06,6.593297933884244e-06,2.6281e-07,0.5237223388501251,0.5237223388501251
11,111114397,112459488,0.000138,9.1309e-05,-2.089032028200541e-05,1.6076507740432885e-05,7.7405e-06,0.03747617763083122,0.03747617763083122
11,112459488,114257728,-2.0309e-05,8.1556e-05,-8.124179335822414e-06,1.1764209759494011e-05,2.6011e-05,0.12438097974028024,0.23664139038464116
11,114257728,114830666,0.00019999,7.8954e-05,4.663669131361797e-06,7.241731109291767e-06,0.00027185,0.09204050317070249,0.09204050317070249
11,114830666,116383348,3.3629e-05,8.5005e-05,-2.45165787861746e-07,4.398996676923839e-06,9.4937e-05,0.2164702245997914,0.2164702245997914
11,116383348,117747110,0.00013017,9.0851e-05,7.747654285721022e-05,1.3154013494207602e-05,2.1379e-09,2.6454651801914066e-07,2.6454651801914066e-07
11,117747110,119215476,0.00071222,0.00012022,-9.837437032916923e-06,2.204409505628658e-05,5.0084e-23,5.6251486658814505e-05,0.04670152162269311
11,119215476,120766806,2.7211e-05,8.4602e-05,2.302334489767888e-05,1.0290550068921107e-05,2.6645e-06,5.6251486658814505e-05,0.11624602449553596
11,120766806,121175943,0.0004235,9.2796e-05,-4.747437574684151e-06,4.876573234449049e-06,5.4388e-05,0.4331354045240058,0.6081353485006648
11,121175943,122591910,0.00015228,9.2138e-05,1.092759500663519e-05,4.8437344124842544e-06,1.3408e-11,0.013237881907592498,0.19422340526609477
11,122591910,123500117,6.7196e-05,8.7082e-05,3.6717353668068604e-07,8.157863813253733e-06,4.0655e-12,0.013237881907592498,0.04137788519603689
11,123500117,124495528,3.9363e-05,8.2061e-05,5.884222619036727e-06,1.4639560640194964e-05,0.0018844,0.02549701992428428,0.02549701992428428
11,124495528,126311320,1.6114e-05,8.39e-05,1.9021690777461466e-05,1.869666889639875e-05,1.3342e-05,0.0021549283487767123,0.0021549283487767123
11,126311320,127316679,-2.474e-05,8.1266e-05,4.154297057864238e-06,3.3886518078026413e-06,0.00059219,0.05516288680657391,inf
11,127316679,128188537,5.1897e-05,8.4563e-05,-5.814915899493773e-07,2.338071624149424e-06,0.00053877,0.05516288680657391,inf
11,128188537,130342575,3.2994e-05,8.4965e-05,-1.6569221057103344e-05,1.2452462134257476e-05,4.1307e-06,0.0705872001002729,0.0705872001002729
11,130342575,131074612,7.1929e-05,8.7371e-05,-3.439249673574583e-06,3.44416969214052e-06,2.294e-05,0.9729184878578568,1.0
11,131074612,133000046,-5.2798e-05,7.9406e-05,-4.545047139962103e-06,4.1923454675266465e-06,0.00062481,0.7563238641320122,0.9620609492379231
11,133000046,134205993,3.8603e-05,8.5316e-05,5.741951287145464e-06,9.431412015959163e-06,0.00029829,0.013026594009789158,0.013026594009789158
11,134205993,134946452,-2.2686e-05,8.1401e-05,3.876934263642476e-06,4.228529558983081e-06,0.00041447,0.11708462362481215,0.11708462362481215
12,61107,1080331,3.2132e-06,8.3078e-05,-1.077151155299619e-05,9.439185999535099e-06,0.0008587,0.04385627037928375,0.3959267840002251
12,1080331,2544786,-6.4664e-06,8.2455e-05,1.3598043068663792e-06,9.271355729303282e-06,6.5168e-05,0.04385627037928375,0.15897578848933314
12,2544786,3677037,-5.4152e-05,7.9316e-05,2.2531092350933018e-06,9.900160728801403e-06,0.00072566,0.01511803972493218,0.01511803972493218
12,3677037,4417679,-1.9279e-05,8.1623e-05,1.0441610703788024e-06,5.690855975011159e-06,4.7947e-14,0.08563116614171808,0.08563116614171808
12,4417679,5321472,-3.4848e-05,8.0601e-05,2.0702242317486053e-05,1.0806597277723778e-05,0.00062723,0.00832884118978279,0.00832884118978279
12,5321472,6419753,-5.4522e-05,7.9291e-05,-1.577352847935764e-06,7.043002224584468e-06,3.2718e-06,0.009049363916782939,0.6579497476607556
12,6419753,9031395,0.00014965,8.4347e-05,1.1989978818352627e-06,2.683409897251377e-05,1.2419e-05,0.00034045387349885794,0.00034045387349885794
12,9031395,10481534,4.0345e-05,7.7326e-05,-6.730930043100803e-07,1.5866153265240638e-05,0.00028266,0.030601426120596284,0.030601426120596284
12,10481534,11754846,0.00022399,9.6193e-05,3.0252556658214492e-06,1.2703771753347313e-05,1.3416e-05,0.09136117829641559,0.10531611222635381
12,11754846,12733528,1.4042e-05,8.3769e-05,-1.9376938930958696e-06,8.103773064134236e-06,8.0284e-08,0.10357275837689649,0.10357275837689649
12,12733528,15241484,-3.9823e-05,8.0272e-05,3.689941330152812e-06,1.6416487018201124e-05,2.923e-13,0.021538183744810695,0.021538183744810695
12,15241484,16310460,3.5117e-05,8.0914e-05,1.8366431083863404e-06,7.451305093170636e-06,4.6643e-05,0.04256864990834198,0.04256864990834198
12,16310460,18087873,5.6453e-06,8.3233e-05,-5.392463521779607e-06,5.682046969630504e-06,4.4014e-05,0.4160663879053177,0.4160663879053177
12,18087873,20863943,2.4049e-06,8.3026e-05,3.2784938223942636e-06,8.318685282259758e-06,6.0425e-08,0.016712050959783776,0.016712050959783776
12,20863943,23820634,-2.3076e-05,8.1375e-05,-1.66086822627393e-05,1.3854969533064136e-05,6.5721e-06,0.05888522922517858,0.05888522922517858
12,23820634,25371083,1.1072e-05,8.358e-05,-2.855234784284837e-06,6.887168724052364e-06,3.1946e-05,0.18196672639149072,0.18196672639149072
12,25371083,27799773,-3.3971e-05,8.0659e-05,2.179233428275785e-05,1.2718827850730224e-05,2.1138e-13,0.0015402774974342327,0.0015402774974342327
12,27799773,29651255,-2.1138e-05,8.1502e-05,1.4866233592604379e-06,8.896254069792561e-06,0.00010423,0.05887661357109249,0.05887661357109249
12,29651255,30512406,6.4493e-06,8.32e-05,-2.122521584978085e-06,3.893175319019467e-06,0.00015261,0.14575500566119143,0.715334778769195
12,30512406,32165592,-4.1469e-06,8.2604e-05,2.1845196759372635e-05,9.232777387978006e-06,0.00015331,0.022500134173009653,0.022500134173009653
12,32165592,33076989,0.00015401,9.2238e-05,1.1069237607889766e-05,6.840061030912744e-06,2.2589e-07,0.0025399034583228055,0.0025399034583228055
12,33076989,37856717,0.00023735,8.9075e-05,5.306870526272779e-06,5.421591325800761e-06,6.2343e-06,0.023849304380872363,0.023849304380872363
12,37856717,39227169,0.00075298,0.00010086,-8.45125899024221e-07,2.3014603536259154e-06,1.3784e-05,0.3602019553348963,inf
12,39227169,40816185,0.00013696,9.1171e-05,-1.0034074948838432e-05,7.544044947340327e-06,5.0452e-05,0.3602019553348963,0.4501778235758569
12,40816185,41658586,-2.7218e-05,7.1347e-05,-1.929535502092434e-06,3.381567363831637e-06,0.00081533,0.53402713987408,0.53402713987408
12,41658586,43984474,-4.9486e-05,7.9628e-05,2.6467828761513757e-06,8.476566445178831e-06,0.00064606,0.06058060879465117,0.06058060879465117
12,43984474,46024229,6.0973e-05,8.6701e-05,1.46990653391289e-06,8.77183185956185e-06,4.8286e-05,0.08703226280517522,0.08703226280517522
12,46024229,47714793,0.00043449,0.00010721,-3.657363904949729e-06,7.695057443557454e-06,2.2222e-10,0.13237373365229016,0.13237373365229016
12,47714793,49001866,-2.0122e-05,8.1568e-05,5.208718395998442e-06,1.3127095005313024e-05,0.00010543,0.05486787639505894,0.05486787639505894
12,49001866,51776494,0.00011751,9.0106e-05,-2.0049980369852219e-07,2.689889817970786e-05,2.3826e-05,0.011710328786070655,0.011710328786070655
12,51776494,53039004,1.7207e-05,8.397e-05,-1.9862633700136423e-05,1.6687644063372213e-05,0.00030566,0.04106016687037291,0.04106016687037291
12,53039004,54778823,0.00012889,9.0776e-05,5.115758456412055e-05,2.382729409807036e-05,1.9391e-06,0.0017364528957681273,0.0017364528957681273
12,54778823,55665837,3.1886e-05,8.4728e-05,-3.4591858335739013e-06,1.1070190083437184e-05,2.0423e-06,0.10852677026530724,0.10852677026530724
12,55665837,57548860,0.00059294,0.00011481,-4.792568031651705e-07,2.591031305912254e-05,1.0667e-28,0.013528046704508833,0.013528046704508833
12,57548860,59308666,0.00033977,0.0001024,1.2264101467657039e-05,2.1111397032089434e-05,5.3291e-19,0.005362064804646851,0.005362064804646851
12,59308666,61123729,0.00036429,0.0001036,-3.4279015474710766e-06,3.79227727218064e-06,1.4069e-05,0.6983576797912175,1.0
12,61123729,64032461,9.7442e-06,8.3495e-05,-2.9799834018416163e-06,7.854622374020406e-06,8.7469e-06,0.12903217201267095,0.12903217201267095
12,64032461,65559695,4.8101e-05,8.5906e-05,-9.717949100853904e-06,1.08505751383961e-05,6.4876e-05,0.19434733725036915,0.19434733725036915
12,65559695,67181144,0.00011439,8.9921e-05,-1.8671118290377667e-05,2.1690688046123874e-05,1.3682e-05,0.1391419338339702,0.1391419338339702
12,67181144,67909729,3.3202e-05,7.6556e-05,-7.564521648884758e-07,3.4688330772526485e-06,0.00063655,0.17747937402191197,0.3766013727909815
12,67909729,69826542,2.487e-06,8.3031e-05,9.232225831805847e-06,1.167175029498528e-05,4.3797e-06,0.04845441256398806,0.04845441256398806
12,69826542,70957987,0.00015878,9.2513e-05,-6.106573988156186e-06,9.465378585862678e-06,9.6843e-05,0.05507549987761398,0.05507549987761398
12,70957987,72645075,2.9238e-05,8.4729e-05,3.931700330918252e-05,1.010765344983695e-05,3.7061e-07,0.0008500490939187814,0.0008500490939187814
12,72645075,73818454,1.8404e-05,8.4046e-05,-1.7480447268080026e-06,3.1325203151517377e-06,0.0013644,0.6461220040333858,inf
12,73818454,76511314,-4.5364e-05,7.9903e-05,7.701633477664775e-07,9.452599433218066e-06,0.001284,0.06696908412145729,0.06696908412145729
12,76511314,78570570,-1.0566e-05,8.219e-05,1.112126543539221e-05,7.88302407213905e-06,1.1661e-05,0.029271491820982983,0.029271491820982983
12,78570570,80448150,0.00013056,9.0874e-05,4.432484061581744e-06,5.759425476708915e-06,1.5961e-05,0.07925788924521111,0.07925788924521111
12,80448150,81467767,-7.5933e-06,7.5282e-05,4.22499168593914e-06,7.456595963030002e-06,0.0011225,0.08101179900070272,0.08101179900070272
12,81467767,83502666,1.2466e-05,8.3668e-05,1.9832617065630448e-06,6.311547078140262e-06,0.00020659,0.15972367083397687,0.15972367083397687
12,83502666,84303844,0.00032925,8.9631e-05,-1.5165357391831624e-06,2.116530924318101e-06,0.00053945,0.9513536470300524,inf
12,84303844,85990426,0.00019538,9.4371e-05,5.137288821366427e-06,6.612493784796661e-06,0.00013165,0.025156058239211573,0.025156058239211573
12,85990426,89682122,9.1331e-05,8.8545e-05,-4.85364616606831e-06,9.520436682910102e-06,2.2056e-08,0.16057709819732113,0.16057709819732113
12,89682122,92066155,0.00011482,8.9947e-05,-4.669263708989533e-06,9.393698632503726e-06,1.8735e-05,0.14548003027562348,0.14548003027562348
12,92066155,94514567,-6.6418e-05,7.8488e-05,-1.5394874440369183e-05,1.0620723435626386e-05,3.2687e-07,0.18754673354688145,0.18754673354688145
12,94514567,96020785,6.3352e-05,8.6847e-05,-1.0068190185335641e-05,9.574464006887126e-06,3.619e-05,0.25156052137359664,0.25156052137359664
12,96020785,97108839,6.587e-06,8.3293e-05,1.4969982007925435e-05,9.630331955587107e-06,0.000608,0.06378797627175144,0.06378797627175144
12,97108839,99305987,-1.4013e-05,8.1966e-05,4.6883044042771114e-07,7.0755131737285446e-06,2.4533e-05,0.17713930974673206,0.17713930974673206
12,99305987,101447641,2.1024e-05,8.4211e-05,8.525479919629711e-06,1.050647852057848e-05,0.00067604,0.09417352196273529,0.09417352196273529
12,101447641,101862690,5.0311e-06,5.8402e-05,-1.811373323163263e-06,5.77705376542638e-06,0.0047198,0.2675297639791385,0.2675297639791385
12,101862690,102964986,7.5864e-05,8.761e-05,-8.015211116261043e-06,1.0501136318306256e-05,0.00010678,0.11485156456128821,0.11485156456128821
12,102964986,104848696,4.4219e-05,8.5665e-05,-1.0369049876757333e-05,1.1964798531801329e-05,3.6477e-05,0.1373242458248248,0.1373242458248248
12,104848696,106436213,0.00010417,8.9314e-05,2.335127618641065e-05,9.052822665071138e-06,1.1446e-11,0.000896579183474415,0.000896579183474415
12,106436213,106958748,7.7845e-05,7.6329e-05,2.5438092351852603e-07,5.816318612462232e-06,0.0013663,0.22840139223285652,0.22840139223285652
12,106958748,109025901,-1.7354e-07,8.286e-05,4.119755590558712e-05,1.2894376795392653e-05,4.5531e-05,0.005625046870170889,0.005625046870170889
12,109025901,110336719,-4.8589e-06,8.2559e-05,1.1895717455261156e-05,1.3701568758085628e-05,0.00012594,0.024172141106153084,0.024172141106153084
12,110336719,113263518,0.00074041,0.00012146,-1.5636949599839453e-05,1.957463844151413e-05,2.5609e-19,0.02499703274005902,0.02499703274005902
12,113263518,113986709,0.00010131,8.5074e-05,1.3192576775351794e-05,1.2390448893382458e-05,0.00059072,0.03320082404619322,0.03320082404619322
12,113986709,115036602,1.9473e-05,8.4113e-05,-3.799210793442596e-06,4.699030620567396e-06,0.00020242,0.43945104925809886,0.6026105078767781
12,115036602,115503216,-1.8526e-05,7.7943e-05,-8.071327014435388e-07,2.837438727336162e-06,0.0011555,0.43945104925809886,inf
12,115503216,117087471,-3.5233e-05,8.0576e-05,1.9364182873516893e-05,3.980728618065191e-06,1.6702e-05,0.0002357940035645367,0.3458777734532327
12,117087471,118135375,7.0129e-06,8.3321e-05,1.09463443378003e-06,8.348666080114249e-06,0.0001545,0.0002357940035645367,0.2730914411216476
12,118135375,119754110,-7.1026e-06,8.2414e-05,-1.3650117813689673e-05,9.473079038909372e-06,1.084e-06,0.3268181025865238,0.3435439901619959
12,119754110,122007651,8.4798e-05,8.8152e-05,-2.2462751604258353e-05,1.9235707489744447e-05,2.9442e-07,0.015096406709023168,0.015096406709023168
12,122007651,124977980,4.5477e-05,8.5744e-05,-1.7629600763878616e-05,2.299096337996614e-05,1.547e-11,0.013162571295373477,0.013162571295373477
12,124977980,126445505,5.3125e-05,8.6217e-05,1.4476136076263537e-05,7.646338778030024e-06,0.00013915,0.00517686130674871,0.00517686130674871
12,126445505,127875098,-5.4167e-05,7.9315e-05,8.819254302053848e-07,2.1226416957295935e-06,6.2952e-05,0.029818931698599116,inf
12,127875098,129237297,-6.1393e-05,7.8828e-05,5.445615211827546e-06,2.9338795687995068e-06,0.0008461,0.029818931698599116,inf
12,129237297,130377921,-6.5438e-05,7.8554e-05,-1.7241664605579646e-07,5.003197986413588e-06,0.00037762,0.15419474109570083,0.17583564337054647
12,130377921,131786751,-9.0398e-05,7.6844e-05,8.574959461507842e-06,7.620223602609579e-06,0.00025424,0.06244670851359552,0.06244670851359552
12,131786751,132807034,7.0861e-05,8.7306e-05,1.4436033541460508e-05,8.833904106813627e-06,1.4549e-05,0.017702160109309983,0.017702160109309983
12,132807034,133841511,0.00010191,8.918e-05,-1.5564997919025086e-05,1.2543883575294783e-05,8.499e-07,0.09837329244224488,0.20701932569027037
13,19020013,20686720,0.00041608,9.7956e-05,-4.047707633183856e-06,8.093666113903963e-06,0.00069592,0.04556236436516947,0.04556236436516947
13,20686720,22242174,-7.1927e-05,7.8113e-05,3.555276213086339e-06,1.2337271132496282e-05,8.0054e-05,0.029590221429454704,0.029590221429454704
13,22242174,23594702,-2.7896e-05,8.1059e-05,-8.910681279264595e-07,2.1445434643383194e-06,5.8186e-06,0.5207602054673203,inf
13,23594702,24531937,-4.6263e-05,7.9843e-05,-2.7998960161843944e-06,6.188176880610198e-06,0.0011285,0.16857349192761834,0.16857349192761834
13,24531937,25784362,-4.3799e-05,8.0008e-05,-1.1867669946606942e-05,9.38623724167141e-06,0.00022477,0.31664722341639445,0.37329208179058804
13,25784362,27284362,1.1294e-05,8.3594e-05,2.0216226544041178e-07,8.737282092628334e-06,7.0239e-05,0.11131338490174544,0.11131338490174544
13,27284362,29257551,-3.5613e-06,8.2642e-05,-4.654909161784043e-07,1.3109110088285084e-05,1.8256e-05,0.04731619539795949,0.04731619539795949
13,29257551,30483267,-5.4755e-06,8.2519e-05,1.6263608409082688e-06,6.105946449323466e-06,3.1658e-08,0.043747704050690533,0.043747704050690533
13,30483267,32301815,-4.7299e-06,8.2567e-05,-7.935087371176537e-07,9.535238593714612e-06,2.2321e-06,0.09139565599617931,0.09139565599617931
13,32301815,33776903,4.3945e-05,8.5648e-05,1.2648250656018109e-05,8.929663963188573e-06,8.6996e-06,0.019719738089086412,0.019719738089086412
13,33776903,35026464,8.3748e-05,8.8088e-05,-1.9807372294811365e-06,3.9611904163887105e-06,0.00010954,0.46549682681073457,inf
13,35026464,36046367,2.2372e-05,8.0424e-05,-2.2312671654626057e-06,3.435552613687549e-06,6.8062e-05,0.46549682681073457,0.5709793154135145
13,36046367,37498185,-1.6305e-05,8.1817e-05,-1.3813799291196263e-05,9.001149760345795e-06,0.00035639,0.4345850429136443,0.4797836223768803
13,37498185,38878163,-1.1068e-05,8.2157e-05,5.605496615543585e-06,8.24353261517697e-06,0.00022826,0.027268276715686983,0.027268276715686983
13,38878163,41069263,-5.2687e-05,7.9414e-05,-7.235069853092496e-06,8.262231360227182e-06,0.00051356,0.23070593399394929,0.23070593399394929
13,41069263,43101027,-8.9973e-06,8.2291e-05,-2.808012068481512e-06,1.149867857519047e-05,0.00039001,0.06619809557823139,0.06619809557823139
13,43101027,44901409,1.7603e-06,8.2984e-05,-1.05776920156633e-05,9.060157278336444e-06,1.0231e-06,0.19275059131490357,0.305986189446461
13,44901409,46495214,4.9707e-05,8.6006e-05,2.4771679165044493e-05,1.1176944076028326e-05,3.9379e-05,0.0020826281229955413,0.0020826281229955413
13,46495214,47431079,0.00021681,9.5795e-05,-1.2311448799875442e-05,8.643312386305959e-06,1.9926e-06,0.2045478538423373,0.31317558191312556
13,47431079,49383962,-1.1953e-05,8.21e-05,1.1869130698313337e-05,9.547877141467004e-06,9.3244e-05,0.04050855158583498,0.04050855158583498
13,49383962,51591091,0.00025459,9.7872e-05,2.2605031813382682e-05,1.2592711390632622e-05,1.4199e-06,0.006295045716176996,0.006295045716176996
13,51591091,53339622,-4.9548e-05,7.9624e-05,6.171522888932929e-06,1.3501190334098925e-05,0.00013905,0.017841826054136006,0.017841826054136006
13,53339622,54682864,-6.0393e-05,7.8895e-05,-2.8223185727168415e-06,3.7336795643148446e-06,0.002776,0.5806610729943936,0.5943200051132134
13,54682864,55817131,1.5802e-05,8.0869e-05,-7.610465600957028e-07,1.5489802431936037e-06,0.00033391,0.5806610729943936,inf
13,55817131,57554217,0.00057411,0.00010844,-4.020829416453698e-07,1.5633528577229175e-06,0.000617,0.4007644803486202,inf
13,57554217,58410626,2.2374e-05,6.2273e-05,-1.7092973464165112e-07,8.223023407911827e-07,0.0010359,0.4007644803486202,inf
13,58410626,59302271,7.0558e-05,7.2674e-05,-1.7796244930232517e-07,8.561350600644717e-07,0.00061365,0.4007644803486202,inf
13,59302271,60854778,-2.78e-05,8.1065e-05,5.362600538655517e-07,3.306379863878608e-06,0.00034559,0.26187088816329374,0.26187088816329374
13,60854778,61591949,1.4429e-06,7.7397e-05,-5.001226781141956e-07,7.102908532388204e-07,0.00069055,0.9480912875123015,inf
13,61591949,63971559,-1.3443e-05,8.2003e-05,-1.6144109386659553e-06,2.2928400836110336e-06,0.00015668,0.9480912875123015,inf
13,63971559,65200602,4.6764e-05,8.1763e-05,-6.070237691142998e-07,7.348466466496516e-07,0.00056384,0.766492299251199,inf
13,65200602,67844453,-3.6649e-05,8.0482e-05,-1.194405621912013e-06,1.8525160478425315e-06,3.8141e-05,0.766492299251199,inf
13,67844453,70724516,-1.8026e-05,8.1705e-05,-1.771647756762029e-06,2.146780230814925e-06,0.00011672,0.7599400236220735,inf
13,70724516,71526791,4.6974e-05,8.5837e-05,-5.704468656276124e-07,8.898124949329446e-07,0.00022113,0.7599400236220735,inf
13,71526791,73934089,-5.1664e-05,7.9482e-05,2.0188143641909013e-05,7.0587012611469036e-06,5.0106e-05,0.0018946048838007902,0.0018946048838007902
13,73934089,75670143,-5.4718e-05,7.9277e-05,3.51684757693806e-07,3.5953427824238935e-06,0.00019681,0.028372507952731194,0.9190373410382797
13,75670143,77410555,-3.2218e-05,8.0775e-05,3.7757044175215067e-07,7.489511144170382e-06,0.00010461,0.028372507952731194,0.5710362179406882
13,77410555,78808813,-2.0608e-05,8.1536e-05,3.6860110797631784e-06,8.686334194079577e-06,3.7512e-06,0.01555201740461768,0.01555201740461768
13,78808813,80585676,-6.0019e-05,7.8921e-05,3.989414380067764e-06,6.60460430004208e-06,0.0024867,0.024574070681747544,0.024574070681747544
13,80585676,82581814,-5.8627e-05,7.9015e-05,-2.1249490303473483e-06,3.0208177022549412e-06,5.9841e-06,0.9425542785798839,inf
13,82581814,84133144,0.00010402,8.9146e-05,-1.3361894920002992e-06,1.7599267536873582e-06,0.00099511,0.9231983281256885,inf
13,84133144,85610916,-1.7827e-05,8.1718e-05,-7.120194614462088e-07,1.583198238611633e-06,0.00035561,0.11024821602983506,inf
13,85610916,88559882,-2.8155e-05,8.1042e-05,2.7690629333892235e-06,3.213041360102764e-06,0.00042299,0.11024821602983506,inf
13,88559882,90521311,-6.0466e-05,7.889e-05,-7.750602115478217e-07,2.0186140171635883e-06,0.00056544,0.49902780487782494,inf
13,90521311,93129691,2.2008e-05,8.4274e-05,-1.8607044223416007e-06,2.7666918976151423e-06,4.5776e-05,0.49902780487782494,inf
13,93129691,93586455,3.638e-05,6.0258e-05,-3.278396718387178e-07,4.911244989099208e-07,0.00012136,0.8129796220410027,inf
13,93586455,96087558,-4.9028e-05,7.9659e-05,4.1423898578920115e-06,8.223845829793364e-06,2.4184e-05,0.02883279018983665,0.16739355823001256
13,96087558,97519210,0.00051083,0.00011094,4.243130192026827e-06,6.934614102048433e-06,1.9826e-05,0.02883279018983665,0.10998527949757347
13,97519210,98938919,-1.7987e-05,8.1707e-05,-4.3630880517742565e-06,7.035878610527281e-06,0.0016855,0.12414251057924347,0.12414251057924347
13,98938919,100574095,0.00018942,9.426e-05,8.618646653189638e-06,9.781194134089414e-06,2.221e-06,0.010530797923086779,0.010530797923086779
13,100574095,102300523,-3.083e-05,8.0866e-05,1.8281049631948856e-06,7.773204577216756e-06,2.3139e-05,0.1175785565385781,0.1175785565385781
13,102300523,104066710,-3.8744e-05,8.0343e-05,-1.5637638739420804e-05,9.48584945402255e-06,0.00020181,0.4354917114809058,0.4354917114809058
13,104066710,104844114,-5.3995e-06,8.2524e-05,-9.929893747767653e-07,1.4060935742716502e-06,0.0029454,0.9715018725572647,inf
13,104844114,106247554,-3.4662e-05,8.0613e-05,-7.563707019769452e-07,1.0710366201614318e-06,0.00043938,0.9715018725572647,inf
13,106247554,106750000,-3.4332e-05,8.0635e-05,0.0,0.0,0.00061672,1.0,inf
13,106750000,108189877,-5.666e-05,7.9147e-05,-1.8435501598598259e-06,3.856397474473123e-06,0.00027343,0.471513828442248,0.471513828442248
13,108189877,109121210,-1.5941e-05,8.1841e-05,-4.833071240636215e-06,5.286070522359089e-06,0.0010012,0.39593481842781497,0.39593481842781497
13,109121210,109815112,7.6312e-05,8.7638e-05,2.1668803621407477e-06,2.799574778262287e-06,0.00047253,0.10219054893708526,inf
13,109815112,111232073,3.9572e-05,8.5376e-05,3.092684111372571e-06,6.5669782177065805e-06,1.037e-09,0.10219054893708526,0.14191994350994064
13,111232073,112247592,8.3997e-06,8.3324e-05,-1.493060781588078e-06,8.091150222800532e-06,0.00011959,0.1457023855815357,0.1457023855815357
13,112247592,113572488,-5.7406e-05,7.9097e-05,-3.6768238418889713e-06,6.6234565330207955e-06,0.0001554,0.3339584810692722,0.3339584810692722
13,113572488,115109853,9.4293e-05,8.8723e-05,4.084488619865002e-06,1.4277923079128975e-05,3.2133e-08,0.035251598206478045,0.035251598206478045
14,19002084,21589402,-3.8743e-05,8.0343e-05,-1.4160442187278079e-05,2.0730566122633326e-05,3.9064e-05,0.045826617712400944,0.045826617712400944
14,21589402,23018665,-2.645e-05,8.1154e-05,1.3410782300691881e-05,1.173200887315528e-05,0.00018891,0.0029321375886145864,0.0029321375886145864
14,23018665,24905123,-5.1846e-06,8.2537e-05,7.665679542100866e-05,2.7988616539794987e-05,1.6047e-13,0.005288841386004842,0.005288841386004842
14,24905123,26135686,5.1388e-05,8.611e-05,-1.3550390072952629e-06,8.12851213385058e-06,2.1494e-05,0.1367481336136596,0.1367481336136596
14,26135686,28466533,-5.7927e-05,7.9062e-05,1.0988552447062834e-06,3.476731561044662e-06,0.00033204,0.18009042664933816,0.18009042664933816
14,28466533,29972145,-5.5386e-05,7.9233e-05,-1.4957439629285198e-06,2.362681631403674e-06,0.00056474,0.39132789542590496,1.0
14,29972145,32383265,-2.7014e-05,8.1117e-05,3.487410555139001e-07,1.0831143359672461e-05,8.2689e-05,0.03903450248906279,0.03903450248906279
14,32383265,34846251,-7.9767e-05,7.7577e-05,-4.381932511976961e-06,6.7275020813796476e-06,9.3238e-05,0.15429567271158945,0.405331107704872
14,34846251,35859593,0.0010652,0.00013044,-3.5854854552243838e-06,1.0230232795229662e-05,2.3271e-07,0.10650576658382643,0.10650576658382643
14,35859593,38667725,-3.0086e-05,8.0915e-05,-1.6973014370748113e-05,1.2021293564550636e-05,4.2932e-05,0.10828223474334793,0.10828223474334793
14,38667725,40341990,2.3632e-05,8.4376e-05,3.5292549271627056e-06,8.872834258247088e-06,0.000464,0.026878468440454835,0.026878468440454835
14,40341990,41615502,0.00021459,9.304e-05,-9.118280954405148e-07,2.0588000720574914e-06,0.00033849,0.2051964133151862,inf
14,41615502,43137389,2.1121e-05,8.4218e-05,7.864269942878942e-07,1.838314267528038e-06,0.002481,0.2051964133151862,inf
14,43137389,44543227,-6.1771e-05,7.8802e-05,8.893126117125092e-07,1.725831780222466e-06,0.00054089,0.2051964133151862,inf
14,44543227,46081896,-6.4992e-05,7.8584e-05,-5.153325008950993e-06,7.849818918392603e-06,0.0015519,0.16272362269322677,0.16272362269322677
14,46081896,46749130,0.00022624,7.4408e-05,-1.133413422811067e-06,1.8395380767427386e-06,0.0073314,0.5233663273744895,inf
14,46749130,48573586,-6.0568e-05,7.8884e-05,-1.5014022664857608e-06,3.406852860335478e-06,0.00013643,0.4076865352940592,inf
14,48573586,49005471,5.2547e-05,5.7025e-05,-3.740490617671839e-07,7.86067946032884e-07,0.0013713,0.4076865352940592,inf
14,49005471,50507760,-2.9888e-05,8.0928e-05,-3.6447071115757407e-06,9.840274109716911e-06,0.00015151,0.044271067642838974,0.044271067642838974
14,50507760,51493572,0.00055054,0.00011277,-9.340551817660338e-06,1.1053514476797987e-05,4.8978e-25,0.11558049041672092,0.11558049041672092
14,51493572,53474383,-2.1592e-05,8.1472e-05,-4.7945011971274645e-06,1.2595228058794352e-05,8.5944e-06,0.13236037767685804,0.13236037767685804
14,53474383,53997831,0.00012884,7.2753e-05,-1.4073458498122271e-06,3.2769454173276457e-06,0.00012521,0.24727750547770852,inf
14,53997831,55233681,6.7352e-05,8.7092e-05,-7.103999309417047e-06,8.035636654252977e-06,0.00039173,0.24727750547770852,0.645721905547954
14,55233681,56216880,4.6863e-05,7.9574e-05,1.6587308498196202e-05,1.0109367166106285e-05,0.00011548,0.012123314215030932,0.012123314215030932
14,56216880,57481262,-2.041e-05,8.1549e-05,-3.767918825786183e-07,5.886285797310743e-06,0.00013581,0.2004872675606447,0.2004872675606447
14,57481262,59448336,-3.8745e-05,8.0343e-05,2.3292112628911854e-06,1.1960260566512225e-05,0.00026435,0.05957963604915482,0.05957963604915482
14,59448336,61680424,0.00020078,9.4899e-05,-1.4946634050054094e-05,1.3275274535482134e-05,1.0763e-05,0.028118180619246345,0.028118180619246345
14,61680424,63790015,-1.9423e-05,8.1614e-05,-1.271498083178772e-06,8.273624539150966e-06,3.1651e-05,0.11494697461260246,0.11494697461260246
14,63790015,65220298,0.00019499,9.4574e-05,-3.467572375844436e-06,1.1366837096430477e-05,1.0415e-05,0.17877286965366485,0.17877286965366485
14,65220298,66399555,6.0494e-05,8.6671e-05,-1.3004404551194843e-08,8.779838751868087e-06,0.0002877,0.04259664063748087,0.04259664063748087
14,66399555,67992317,4.3833e-05,8.2865e-05,-3.6392661481357697e-06,7.405291806228376e-06,0.00021474,0.24622137951280315,0.24622137951280315
14,67992317,71131957,-3.6548e-07,8.2848e-05,1.613004660358312e-05,1.664640084522651e-05,1.2201e-06,0.031952704674771785,0.031952704674771785
14,71131957,72889615,4.5207e-05,8.5727e-05,1.4780486569766887e-06,6.667174303604836e-06,2.2423e-06,0.13285326441347697,0.17115497543338712
14,72889615,76444767,1.4744e-05,8.3813e-05,2.906589767931586e-05,2.3407626761493408e-05,4.3366e-09,0.015836715491651263,0.015836715491651263
14,76444767,77229472,-6.2391e-06,8.2469e-05,5.041483829395222e-06,6.427293607252573e-06,0.00017416,0.036203272534106566,0.036203272534106566
14,77229472,78561945,-2.7481e-05,8.1086e-05,-1.6041354887641827e-05,1.4893513493984488e-05,5.8541e-08,0.07152735889930438,0.07152735889930438
14,78561945,80186579,2.833e-05,8.4672e-05,4.879539480982379e-06,3.8137309957008566e-06,8.1098e-06,0.11130694135638475,0.11130694135638475
14,80186579,81579714,-2.8337e-05,8.103e-05,-9.900601844963038e-07,5.550989322407102e-06,0.0007282,0.16848378623979854,0.16848378623979854
14,81579714,83138097,3.3466e-05,8.4994e-05,4.243240065092252e-06,5.08070667239471e-06,3.1952e-06,0.08174388813129034,0.08174388813129034
14,83138097,84241633,8.829e-05,8.8362e-05,2.427192532728785e-07,1.391684352468489e-06,0.00046339,0.22715841107335816,inf
14,84241633,85746319,1.8071e-05,8.4024e-05,-1.2774239541040535e-06,1.8428001444091053e-06,0.00010654,0.8884596103826766,inf
14,85746319,86647002,-1.0623e-05,8.2013e-05,-7.646472681039773e-07,1.1030731743811174e-06,0.0031335,0.8884596103826766,inf
14,86647002,87635341,-3.8366e-05,8.0368e-05,-5.6186971603689116e-08,8.105481273662931e-08,0.00025416,0.8884596103826766,inf
14,87635341,89497643,8.0802e-05,8.791e-05,-3.5538784461884715e-06,9.126694062926214e-06,0.0012051,0.13039037899906286,0.13039037899906286
14,89497643,91296860,-4.3148e-05,8.0051e-05,-2.266788991087417e-06,9.42209443259011e-06,5.6795e-05,0.03491337482128346,0.03491337482128346
14,91296860,93132299,0.00017239,9.3293e-05,2.852319923445981e-05,1.2374428399055354e-05,3.9555e-28,0.004218007623545723,0.004218007623545723
14,93132299,94325285,1.7394e-05,8.3982e-05,-2.163449693639664e-05,1.1482876618751055e-05,1.68e-05,0.3238630520222643,0.5913005174395143
14,94325285,95750867,0.0010173,0.00013305,2.5085856662118644e-05,1.4430303975308479e-05,3.8639e-202,0.003417986190951967,0.003417986190951967
14,95750867,96262415,-5.4619e-05,7.9284e-05,5.047797743900512e-06,6.0061698499879474e-06,0.0028093,0.0260077370243966,0.0260077370243966
14,96262415,98341162,-1.9635e-05,8.16e-05,-1.3183630297029844e-05,9.028004072530298e-06,0.00020993,0.29636655358879904,0.29636655358879904
14,98341162,99138532,0.00012994,9.076e-05,-9.61433722660136e-07,1.7469195335559621e-06,1.6441e-06,0.6377672411053906,inf
14,99138532,101534307,-4.9967e-05,7.9596e-05,3.955266523780533e-06,1.3095440734249678e-05,4.5179e-06,0.04048638635056512,0.04048638635056512
14,101534307,103012102,1.1339e-05,8.3597e-05,2.3898454994947955e-06,1.024914978074842e-05,0.00010454,0.04734914259161733,0.15150627386161622
14,103012102,105001723,0.00019734,9.4706e-05,2.549148103811436e-05,1.5497443036233043e-05,2.302e-10,0.017523773376793925,0.017523773376793925
14,105001723,106340358,0.00040917,0.00010595,3.1891858802620974e-05,1.590075353253432e-05,7.2589e-31,0.009007171941104515,0.009007171941104515
14,106340358,107289454,4.0632e-05,2.108e-05,0.0,0.0,7.6871e-06,1.0,inf
15,20001200,24195127,-1.4884e-05,8.1909e-05,1.1000249296548963e-05,7.414092990685962e-06,7.1092e-05,0.005570465244914349,0.005570465244914349
15,24195127,27298112,-7.7228e-05,7.7751e-05,1.073714132593815e-05,7.807506033626204e-06,1.8631e-05,0.040930590150239095,0.040930590150239095
15,27298112,29338502,-2.716e-05,8.1107e-05,-5.648527252360086e-07,7.082395369575616e-06,0.0006414,0.042227047567205855,0.042227047567205855
15,29338502,30165568,4.3968e-05,8.565e-05,-3.453241764662177e-06,5.3967818789493895e-06,0.00016613,0.21871207744006527,0.5423603136977954
15,30165568,31591821,-5.8469e-06,8.2495e-05,-8.255720318104192e-06,8.739714679900316e-06,4.0374e-05,0.11208416500362414,0.11208416500362414
15,31591821,32441811,0.0001989,9.4569e-05,1.869258478167131e-06,4.814307592430273e-06,6.4409e-09,0.15392436233995782,0.21417387002800775
15,32441811,34015425,-5.5848e-05,7.9202e-05,-1.0939300689112459e-05,9.27578377113979e-06,0.00093912,0.15392436233995782,0.3390946295868158
15,34015425,35083251,-3.895e-06,8.2621e-05,-1.370816871533094e-06,1.1484824181266827e-05,0.0019116,0.029509774739592536,0.029509774739592536
15,35083251,37456502,-6.0053e-05,7.8918e-05,3.099891356749605e-06,7.290396824215698e-06,0.00046468,0.0666315367914022,0.0666315367914022
15,37456502,38530777,-1.1321e-05,8.2141e-05,1.8550982919334223e-06,3.95314008383288e-06,6.7211e-06,0.05419414234008004,0.29450541045244916
15,38530777,40384132,0.00011357,8.9873e-05,2.763288003077015e-06,9.610268784480695e-06,4.1047e-18,0.05419414234008004,0.06475828807954495
15,40384132,41177514,0.00035291,0.00010064,-1.2048728322900976e-06,1.6014163346655842e-05,2.18e-05,0.07570093073101548,0.07570093073101548
15,41177514,42776399,6.6447e-05,8.7036e-05,6.796882797159776e-06,1.7246800833822475e-05,1.3986999999999999e-28,0.011287469502051634,0.011287469502051634
15,42776399,44198049,0.0027394,0.00018335,-1.607567112668526e-05,1.7635351141612304e-05,4.3443e-82,0.04335184355833221,0.04335184355833221
15,44198049,46618787,0.0001457,9.1757e-05,7.476969172443777e-06,1.5410176520331494e-05,8.0487e-63,0.02563452821749358,0.02563452821749358
15,46618787,48136048,2.3494e-05,8.4367e-05,-1.2766457377285046e-06,3.439605697337493e-06,0.0011277,0.2743609438016389,0.4277483789827383
15,48136048,50008043,0.00019038,9.4314e-05,-1.0024938900523117e-05,1.2448916435132464e-05,0.00061261,0.06295358669132811,0.06295358669132811
15,50008043,51677560,0.00025962,9.8146e-05,-1.1473838689099144e-05,1.1170161492575814e-05,1.1817e-06,0.07190414527508654,0.07190414527508654
15,51677560,53069096,0.00020605,9.5195e-05,-1.1975561802842984e-05,1.2073991387278614e-05,1.344e-05,0.06289334298120414,0.17448442128266944
15,53069096,54508528,1.0799e-06,8.2941e-05,3.559005864792545e-06,4.492202698863416e-06,3.6993e-10,0.06289334298120414,0.5520910562287781
15,54508528,55136269,5.7709e-05,8.4678e-05,-2.3026528717522225e-07,2.373544217665611e-06,0.0031845,0.2878766909576077,inf
15,55136269,56901773,2.8561e-05,8.4687e-05,5.418633605080274e-06,1.1301440515536872e-05,0.0008423,0.01422579299211678,0.01422579299211678
15,56901773,58441366,8.9747e-05,8.845e-05,3.502399985356776e-06,7.899887958785927e-06,1.0322e-05,0.04968047022458605,0.04968047022458605
15,58441366,59694116,6.0478e-05,8.667e-05,1.811185553810481e-05,9.987500784609367e-06,6.2564e-09,0.019615674599966118,0.019615674599966118
15,59694116,61265836,0.00014492,9.1711e-05,-6.1021505712235686e-06,8.570713759318565e-06,1.8056e-19,0.11834662117662847,0.19135643232354094
15,61265836,63215222,-3.8411e-05,8.0365e-05,7.350910896728013e-06,6.963070762862632e-06,9.2112e-07,0.06103243605367729,0.06103243605367729
15,63215222,65104668,0.00014476,9.1702e-05,-2.1594067545492295e-06,1.4700258234085899e-05,6.6463e-06,0.03083557878972443,0.03083557878972443
15,65104668,67094767,6.5501e-05,8.6978e-05,3.06241140288293e-05,1.7680339594227047e-05,1.9736e-06,0.0009625640050203285,0.007377641347760561
15,67094767,69017999,0.00010996,8.9659e-05,1.9402949812490894e-05,1.2368122091358839e-05,9.5458e-10,0.0009625640050203285,0.011139260056499225
15,69017999,70133341,0.00015766,9.2448e-05,5.421794031146776e-06,8.768466729274418e-06,0.00021425,0.08650247591292591,0.08650247591292591
15,70133341,71922649,-2.0395e-05,8.155e-05,3.7436212850997602e-06,8.406133956103999e-06,1.3517e-05,0.03749178683903809,0.03749178683903809
15,71922649,73628714,6.8022e-05,8.4068e-05,1.2610511853142749e-05,1.2037746365499886e-05,0.00052466,0.020597049783322822,0.020597049783322822
15,73628714,76398624,0.00030887,0.00010078,2.6240019836676696e-07,2.2789339939572773e-05,7.2292e-09,0.0069216388864439165,0.0069216388864439165
15,76398624,78516053,0.00052604,0.0001116,0.00014595863217295392,1.2419271142054995e-05,4.0516e-32,1.3460075227631959e-14,1.3460075227631959e-14
15,78516053,80860978,-1.3073e-05,8.2027e-05,4.984379028850644e-06,1.5416619498671382e-05,2.3301e-09,0.015094902277273923,0.015094902277273923
15,80860978,84260468,1.8396e-05,8.4045e-05,1.390459318306752e-05,1.5703284976266728e-05,2.1691e-06,0.005132020159948493,0.005132020159948493
15,84260468,86652905,6.8471e-05,8.716e-05,5.279928061786051e-06,1.1093615249191375e-05,0.00012562,0.0655791866454835,0.0655791866454835
15,86652905,88369943,-5.2819e-05,7.9405e-05,-3.466726682194535e-07,3.098117086405904e-06,0.00024592,0.34010542008789624,inf
15,88369943,90475551,1.4461e-05,8.3795e-05,3.405508472366034e-05,1.5668546877446035e-05,5.9175e-05,0.004158043222633257,0.004158043222633257
15,90475551,92164392,2.9319e-05,8.4734e-05,-1.3393735884008776e-06,1.4525572237371855e-05,8.0855e-06,0.046835821860939666,0.046835821860939666
15,92164392,93780902,-1.825e-05,8.169e-05,6.977354713560807e-06,6.686058177353358e-06,0.0001623,0.03898139819122692,0.22923850039133553
15,93780902,94924330,-3.4969e-05,8.0593e-05,6.028935893143075e-06,2.620091518342946e-06,4.3497e-05,0.03898139819122692,inf
15,94924330,96141596,6.4683e-05,8.6928e-05,8.323671450975656e-07,2.069805701728437e-06,4.6922e-06,0.1685724694293443,inf
15,96141596,98030910,-5.5311e-05,7.9238e-05,-3.7967177083748145e-06,4.219518405154947e-06,0.00012075,0.6747403464679451,0.8642697002574379
15,98030910,99244059,-5.1387e-05,7.9501e-05,5.253090901473812e-06,3.8987613164656374e-06,2.0664e-05,0.03168857012649433,0.3187798729486021
15,99244059,100636847,-2.0395e-05,8.1463e-05,-7.996647361861275e-06,8.27142833069815e-06,5.7039e-06,0.03168857012649433,0.3210049458640391
15,100636847,101552694,-5.8143e-05,7.9047e-05,-1.1534048767600077e-06,7.141760459395292e-06,0.0009441,0.12132874540090945,0.12132874540090945
15,101552694,102520966,6.9993e-07,8.2916e-05,-3.828000333892381e-06,9.557091702911037e-06,0.00021909,0.1262736084740103,0.1262736084740103
16,60054,1207206,0.00011396,8.9896e-05,2.143346421469645e-05,2.291191031426054e-05,9.1002e-06,0.005156718440556272,0.005156718440556272
16,1207206,2764829,7.7444e-05,8.7706e-05,2.7697247902713727e-05,2.571796939034728e-05,4.1491e-05,0.0019310110572803684,0.0019310110572803684
16,2764829,4001196,2.1745e-05,8.4257e-05,1.150015597221762e-05,2.1026811647468387e-05,0.00048079,0.02460283072422221,0.02460283072422221
16,4001196,5118345,5.6365e-05,8.6417e-05,-2.03056366420705e-05,1.717916930366473e-05,2.3332e-08,0.040199994866373254,0.040199994866373254
16,5118345,5891580,-5.9335e-05,7.8967e-05,-2.334950985363045e-06,3.1196847890121826e-06,0.00015607,0.5090450571358218,inf
16,5891580,6893551,-8.5925e-05,7.7153e-05,-1.2992633678928341e-06,1.7169191982486537e-06,0.00011235,0.6922367004793446,inf
16,6893551,7529121,-4.9962e-05,7.9596e-05,-7.195271859777853e-07,1.206610396960022e-06,0.0016513,0.6922367004793446,inf
16,7529121,8338519,-2.1623e-05,8.147e-05,-1.70540442658384e-06,2.12740800969339e-06,0.00039283,0.6922367004793446,inf
16,8338519,9799419,-3.3737e-05,8.0674e-05,-5.289091312431008e-06,8.18098908668767e-06,6.4173e-05,0.1069368361819065,0.1069368361819065
16,9799419,10426032,6.6721e-06,8.3299e-05,1.7975612053827434e-06,3.6864663539154597e-06,6.1155e-06,0.04352317098104049,0.6208738243472124
16,10426032,11520161,0.00011105,8.9723e-05,-2.206390422494779e-06,1.2093563101113056e-05,3.4835e-09,0.04352317098104049,0.11715476422923686
16,11520161,12613098,6.6974e-05,8.7068e-05,-5.76029533469723e-06,9.552903525020378e-06,5.1326e-05,0.13902644243561305,0.13902644243561305
16,12613098,13154437,-2.4743e-05,8.1266e-05,-1.4434276840943528e-06,3.2994701342232387e-06,0.00032273,0.1307716521314549,inf
16,13154437,14464002,1.1452e-05,8.3604e-05,-1.4294142730223598e-06,5.297437576902503e-06,5.1203e-05,0.12499169335334735,0.5596669460499756
16,14464002,16154060,0.00041917,0.00010645,3.4573930167227567e-05,1.2914948442350656e-05,1.519e-11,0.014090330140736965,0.014090330140736965
16,16154060,17644749,6.6867e-05,8.7062e-05,-1.5068922588889463e-06,5.374831816859062e-06,7.7792e-06,0.13282199368556055,0.13282199368556055
16,17644749,18643607,0.00014256,8.3475e-05,-4.147165742347132e-06,4.428548219545693e-06,0.0006056,0.5614178716754246,0.8376125180786596
16,18643607,20150571,2.3043e-05,8.4339e-05,-5.64449905535045e-06,1.3070338985550368e-05,0.00191,0.0521117760270522,0.0521117760270522
16,20150571,22448904,4.4728e-05,8.5697e-05,-1.9985176918920238e-07,1.7862450166389472e-05,8.8459e-05,0.04343200179596249,0.04343200179596249
16,22448904,24136875,-4.4569e-05,7.9956e-05,1.7549762050019974e-05,1.2863558901247405e-05,0.00045948,0.014372715057892865,0.014372715057892865
16,24136875,25986862,-5.3134e-05,7.9384e-05,7.0176139101807435e-06,9.450567028689675e-06,0.00035459,0.005243211655195889,0.005243211655195889
16,25986862,27445755,-6.4706e-05,7.8604e-05,-3.559853908915178e-06,6.393264927871387e-06,0.00073398,0.04670088949483449,0.6210502461507104
16,27445755,29036613,0.0001714,9.3236e-05,-6.809489903479565e-06,1.6299284910214678e-05,3.2219e-08,0.03225854440327367,0.03225854440327367
16,29036613,31382943,0.001912,0.00016436,4.868436486546898e-05,2.8321913297984557e-05,2.4693e-08,0.004995686965552151,0.004995686965552151
16,31382943,46399473,9.0548e-05,6.2869e-05,1.6156271620131476e-05,1.0957719898366927e-05,0.00084476,0.01972161043681121,0.01972161043681121
16,46399473,49007926,9.7416e-05,8.8911e-05,-5.275392715847011e-06,1.2377357382626216e-05,0.00038816,0.015592997361194627,0.015592997361194627
16,49007926,52035823,-3.6712e-05,8.0478e-05,-2.8919407492821523e-06,1.1787802194362177e-05,1.8069e-05,0.07111877796379955,0.07111877796379955
16,52035823,53382572,-3.201e-05,8.0701e-05,-3.2192655819168634e-06,4.6932285017562464e-06,0.00043686,0.38705504054155604,0.38705504054155604
16,53382572,55903774,-1.1515e-05,8.2128e-05,-1.7472790812973586e-05,1.135697806257575e-05,1.0005e-06,0.19090685221482506,0.19090685221482506
16,55903774,57664330,6.2725e-06,8.3273e-05,-2.1799264067289742e-05,1.9880023421234237e-05,0.0001162,0.041694903810362303,0.041694903810362303
16,57664330,59045405,-6.6632e-06,8.2442e-05,2.438196387250137e-05,1.4756100542961146e-05,1.5425e-05,0.0034339204213476218,0.0034339204213476218
16,59045405,60745694,-1.1476e-05,8.2131e-05,-8.417262228721281e-07,1.343672934986523e-06,0.0010915,0.7355410298395657,inf
16,60745694,62229849,-3.9865e-06,8.2615e-05,4.199843346520405e-06,1.7549106399925861e-06,0.0012293,0.03626736599107907,inf
16,62229849,63691589,1.4437e-05,8.3794e-05,3.6461912898214026e-06,1.5804612694985654e-06,0.00014781,0.03626736599107907,inf
16,63691589,65938566,-4.0552e-05,8.0223e-05,-9.638345136603138e-07,3.117744127403098e-06,0.0012489,0.3895586838639039,inf
16,65938566,68841363,5.2618e-05,8.6186e-05,5.90173696190882e-05,2.8575174959912653e-05,6.6191e-05,0.008816983254808982,0.008816983254808982
16,68841363,71054028,0.00020872,9.5344e-05,1.662660004386886e-05,1.822314183951309e-05,2.0115e-06,0.03575432105661997,0.03575432105661997
16,71054028,72935150,0.0004504,0.000108,-6.181995601617518e-06,1.4310233226795798e-05,5.3153999999999986e-21,0.05082624604188387,0.05082624604188387
16,72935150,74971503,-5.0136e-05,7.9585e-05,3.81293533278148e-06,9.035352220123618e-06,0.00012279,0.08354667107718652,0.08354667107718652
16,74971503,75977954,7.0512e-05,8.7284e-05,-7.148608838624527e-06,1.2634189078123705e-05,0.00067125,0.15604395671343668,0.17949964577122532
16,75977954,77523678,-2.6178e-05,8.1172e-05,-2.3407296085358366e-07,6.4080034566457925e-06,0.00019049,0.12425761059593811,0.38816274884040447
16,77523678,78456292,-7.2293e-06,8.2405e-05,7.799612184552678e-07,5.766827313921894e-06,0.00010022,0.11065933070455479,0.13648382462165987
16,78456292,79134815,5.2096e-05,8.6154e-05,3.164428653916981e-06,2.896967986001574e-06,0.00018399,0.11065933070455479,inf
16,79134815,80297374,0.00022614,9.6312e-05,-2.6800174052953478e-06,3.501254257028412e-06,4.5539e-15,0.11065933070455479,0.7516166908021542
16,80297374,81772536,1.9663e-05,8.4125e-05,-6.573965932412382e-06,1.0150027978816873e-05,4.0315e-06,0.15048818668855832,0.15048818668855832
16,81772536,82747728,-1.0993e-05,8.2162e-05,-1.3400471710692153e-06,6.419827170552303e-06,1.2418e-06,0.1823336150726219,0.1823336150726219
16,82747728,83477208,-4.7956e-05,7.973e-05,-1.3064804932957538e-06,2.9121055016744445e-06,0.0001024,0.5454507244213194,inf
16,83477208,84445883,-7.3414e-06,8.2398e-05,2.4316878383219502e-05,1.1545132769073337e-05,1.3123e-13,0.0034527745206435717,0.0034527745206435717
16,84445883,85148685,-1.6389e-05,8.1811e-05,8.577911928764364e-06,8.923542719932218e-06,0.00012812,0.03387860564685104,0.03387860564685104
16,85148685,86156599,-2.1982e-05,8.1447e-05,-7.246299774709402e-06,8.334050946154086e-06,9.5843e-05,0.24402276725316477,0.35091321705566814
16,86156599,86815411,-2.115e-06,8.2735e-05,-7.1595702803266504e-06,6.176399530754817e-06,1.4503e-05,0.5919057774735104,0.5919057774735104
16,86815411,87647349,4.5932e-05,8.5772e-05,-2.4866992299893628e-06,6.867855027714637e-06,3.8975e-05,0.23418458429724795,0.23418458429724795
16,87647349,89041165,0.00018715,9.4132e-05,-9.476707235452163e-06,1.4827294207940554e-05,7.9584e-10,0.06514604409996654,0.06514604409996654
16,89041165,90292812,0.00080922,0.00012438,2.2386708223520545e-05,1.6580743119330245e-05,1.1795e-09,0.0010295464804335587,0.0010295464804335587
17,56,1172399,-2.1325e-05,8.149e-05,1.042461232375943e-05,1.1374412122814153e-05,0.00024312,0.018375600791626867,0.018375600791626867
17,1172399,1928731,0.0011602,0.00013865,1.116273457974705e-05,1.4594175647587556e-05,1.646e-95,0.019677445380538547,0.019677445380538547
17,1928731,3702312,0.00010136,8.9147e-05,3.348976726806722e-05,1.7958438378356927e-05,2.8389e-17,0.004181714211862231,0.004181714211862231
17,3702312,4696261,0.00013636,9.1213e-05,9.924829431780137e-06,1.5434980012034904e-05,1.7208e-08,0.011796701049298463,0.011796701049298463
17,4696261,5741334,0.00013209,9.0963e-05,1.2296346952610394e-05,1.7264816230189628e-05,7.5251e-05,0.021341352690337653,0.021341352690337653
17,5741334,7317398,7.8341e-05,8.7761e-05,3.3528646960591356e-05,2.0750764491936908e-05,4.6758e-27,0.0039001133622151027,0.0039001133622151027
17,7317398,8306425,0.0010551,0.00013455,1.0212192220088492e-05,2.3408740163310352e-05,5.7714999999999985e-21,0.0023813584837442995,0.0023813584837442995
17,8306425,9965921,2.3619e-05,8.4375e-05,8.15047052161822e-06,1.2175371291017882e-05,1.5821e-06,0.000449113498677311,0.0773769664166032
17,9965921,11102815,-2.5289e-05,8.123e-05,1.7612957739908685e-05,1.0706122509229944e-05,1.4194e-05,0.000449113498677311,0.04274748268561563
17,11102815,12534769,-6.2877e-05,7.8728e-05,-1.7142899116185896e-06,6.646796433541564e-06,0.00095556,0.17212457954405966,0.17212457954405966
17,12534769,13180372,-4.6752e-05,7.9811e-05,-4.814928574263068e-06,4.90293152166303e-06,0.00056418,0.3521397966576205,0.7674739093728511
17,13180372,13894637,2.3871e-05,8.4391e-05,-9.465959221756035e-07,3.609465599416314e-06,5.7825e-10,0.3521397966576205,inf
17,13894637,15019097,3.8084e-05,8.5283e-05,-5.0714276363284685e-06,5.512693280701595e-06,3.6766e-07,0.46618982156692923,0.49379047247858776
17,15019097,16412342,7.995e-05,8.7858e-05,2.0223377346557673e-05,1.284269463841285e-05,2.9488e-05,0.0013911000557431793,0.0013911000557431793
17,16412342,18856320,0.0004914,0.00011,2.3809674902775e-05,2.0156911964061642e-05,1.1965e-19,0.004779670694234339,0.004779670694234339
17,18856320,21290357,4.7718e-05,8.5883e-05,2.619222524970648e-05,1.500364960654878e-05,6.1961e-05,0.006001167632249463,0.013855708331769499
17,21290357,27334244,9.568e-05,8.8807e-05,2.0365889612816365e-05,2.0577917100654217e-05,6.829e-06,0.006001167632249463,0.02746909052953492
17,27334244,29786491,3.9218e-05,8.5354e-05,1.6808268504410535e-05,1.752901124485856e-05,1.132e-05,3.3678397792931656e-05,3.3678397792931656e-05
17,29786491,31538425,0.00012267,9.0411e-05,1.2417149922695835e-05,1.2726520331263261e-05,5.4227e-05,0.0401010305166476,0.0401010305166476
17,31538425,32912798,-6.7886e-05,7.8388e-05,7.247103576928559e-06,8.810826551305144e-06,0.0001754,0.03729666666053822,0.03729666666053822
17,32912798,34469036,2.8174e-05,8.4662e-05,-5.311672539342945e-06,1.3930837950441191e-05,0.00013974,0.03545672386352651,0.03545672386352651
17,34469036,36809344,4.1444e-05,8.5493e-05,-3.4441407118127033e-06,3.586884376317366e-06,6.713e-11,0.8293108596886859,inf
17,36809344,38877404,0.0002265,9.6332e-05,-1.40361110350026e-05,2.194073814232023e-05,3.1801e-08,0.014828055773448545,0.014828055773448545
17,38877404,39899810,1.4304e-06,8.0799e-05,-2.865146141016126e-07,2.487865397890336e-05,1.1534e-05,0.004831333218275786,0.004831333218275786
17,39899810,41772087,0.0010802,0.00013554,3.259962394573611e-05,2.506743980277961e-05,2.9604e-31,0.0004845128254614578,0.0004845128254614578
17,41772087,43056905,0.00086592,0.00012684,-3.485956853683488e-06,1.9428348990182975e-05,3.2867e-08,0.04349812009337929,0.04349812009337929
17,43056905,45876022,0.0016755,0.0001572,-3.10894354030343e-05,1.8298762595303332e-05,4.8029e-20,0.028727155466043725,0.028727155466043725
17,45876022,47517400,0.00020468,9.5118e-05,2.664961199594854e-05,2.0087079299468396e-05,2.0174e-07,0.002439418991808328,0.002439418991808328
17,47517400,49898957,0.00028729,9.9635e-05,-1.5588674259186052e-05,2.037966057019783e-05,3.6854e-25,0.015212203294778502,0.051384781264911104
17,49898957,50719055,5.7658e-06,6.7557e-05,8.321907737785257e-06,2.4058911496871734e-06,0.00057631,0.015212203294778502,inf
17,50719055,51826118,0.00021925,9.1618e-05,-6.879125125307938e-07,1.1723387529033235e-06,7.2656e-05,0.6799708728252536,inf
17,51826118,53599432,-2.2951e-05,8.1383e-05,4.965635129436703e-06,7.457890692057272e-06,5.6737e-05,0.03400748241847994,0.03400748241847994
17,53599432,55357541,6.4347e-05,8.6908e-05,1.2638474541827708e-05,9.95009204902615e-06,4.6733e-05,0.02208109559850276,0.02208109559850276
17,55357541,57487512,-9.5213e-07,8.281e-05,5.864308242623126e-06,1.7354484047137452e-05,0.00028492,0.010646489573248341,0.010646489573248341
17,57487512,59312755,0.0021201,0.00016527,7.347976771338193e-06,1.2486561093969434e-05,3.3183e-09,0.017168231906166308,0.017168231906166308
17,59312755,61545589,0.00010057,8.91e-05,-1.7233864981355145e-06,1.1964909410013875e-05,4.0724e-07,0.06289894106089011,0.06289894106089011
17,61545589,63148128,0.00064606,0.00011585,-7.764281779697019e-06,1.8171734995778916e-05,5.3258e-08,0.06062802250891179,0.06062802250891179
17,63148128,64800430,-1.1912e-05,8.2102e-05,-2.0400124310275233e-06,7.3243269965119065e-06,0.00028831,0.07179100186564633,0.31265160113019064
17,64800430,67858770,0.00025425,9.7854e-05,8.742018873995905e-05,1.53430589180603e-05,1.7736e-122,6.35944307714515e-08,6.35944307714515e-08
17,67858770,69387817,0.00010286,8.9236e-05,-3.5812889155464294e-07,4.252687229999549e-06,3.5239e-06,0.2490949520251079,0.3830086643202033
17,69387817,72672203,-7.4692e-05,7.7924e-05,-2.7635765978804814e-05,1.5128052684841895e-05,6.4638e-05,0.15617511410218768,0.15617511410218768
17,72672203,74375560,0.0001632,9.2767e-05,1.5635533850140704e-05,2.4515593189023788e-05,5.9625e-07,0.018236652563120837,0.018236652563120837
17,74375560,76263413,-3.6674e-05,8.048e-05,2.7129217347691762e-05,1.578516767281532e-05,0.00015236,0.003138849452253614,0.003138849452253614
17,76263413,77298636,-4.8979e-05,7.9662e-05,2.062843272879036e-05,1.1137956323382584e-05,3.925e-05,0.007154802450133888,0.007154802450133888
17,77298636,78837588,-3.3161e-05,8.0712e-05,2.6659486386990427e-05,1.2606991037968564e-05,0.00068957,0.008306034923938443,0.008306034923938443
17,78837588,80034408,4.4643e-05,8.5692e-05,-3.2853331425160664e-05,2.0711410720525216e-05,0.00028646,0.01660038838400928,0.05178659212063988
17,80034408,81194908,4.1334e-05,8.5486e-05,1.2745437101409325e-05,1.4810473163934334e-05,0.00020103,0.00024712315644751214,0.00024712315644751214
18,10644,912486,-1.2168e-05,8.2086e-05,1.5882372549180153e-05,9.342315219477046e-06,3.8122e-05,0.02153063491455818,0.02153063491455818
18,912486,1942911,1.0791e-05,8.3562e-05,7.170716704305513e-07,3.138709407598496e-06,0.00011764,0.21500446020941605,inf
18,1942911,3891658,-6.8594e-05,7.834e-05,-1.8276761148919385e-06,9.680459403732523e-06,5.5025e-05,0.06398175151723585,0.06398175151723585
18,3891658,5834180,-4.856e-05,7.969e-05,-2.1334781063808412e-06,6.413078878437661e-06,0.00019091,0.1226393146070467,0.1226393146070467
18,5834180,7090485,-6.7739e-05,7.8398e-05,-6.1420633899632815e-06,5.728499263940248e-06,2.4368e-05,0.450577475557872,0.5927779613625603
18,7090485,8498931,1.1735e-05,8.3622e-05,-5.775794008233182e-07,4.978848176359937e-06,4.3976e-05,0.13155189736941744,0.13155189736941744
18,8498931,11075913,2.2129e-05,8.4281e-05,5.452455381099654e-05,1.1230638002461655e-05,5.6397e-11,6.480798517067901e-06,6.480798517067901e-06
18,11075913,11905440,3.3657e-05,8.5006e-05,-5.957377644282354e-06,5.065065787644883e-06,4.8113e-05,0.6133787267289134,0.6980133710393894
18,11905440,14440799,-5.4379e-05,7.93e-05,-1.3543227253842976e-05,1.419907253153135e-05,0.00037298,0.057225874397784135,0.057225874397784135
18,14440799,19485844,1.0947e-05,5.8818e-05,8.597814274535795e-06,8.642939769202844e-06,0.00023873,0.021979427934446183,0.021979427934446183
18,19485844,20649472,0.00023251,9.6663e-05,5.2684419566029616e-08,4.792441023416212e-06,0.00010339,0.13800016005270277,0.13800016005270277
18,20649472,22996651,1.8023e-05,8.4021e-05,2.9539860369448713e-05,1.1956926721487806e-05,5.4274e-05,0.008263789749109126,0.008263789749109126
18,22996651,24026191,0.00021032,9.4236e-05,2.4807570558603625e-06,5.82741473100558e-06,0.0002185,0.08491674849787743,0.08491674849787743
18,24026191,25927682,-8.9816e-06,8.2292e-05,9.524130236430255e-06,5.7758231160570335e-06,4.7501e-05,0.03801158477810237,0.03801158477810237
18,25927682,26875587,3.3725e-05,7.1428e-05,-9.973872537154324e-07,1.5776664237875666e-06,0.00047134,0.744807331281693,inf
18,26875587,27866478,9.9951e-05,8.3644e-05,-1.3227811190374565e-06,1.683566934210483e-06,0.0022017,0.744807331281693,inf
18,27866478,30264066,-2.1497e-05,8.1478e-05,-1.2021449089590772e-05,1.4237873292470071e-05,4.256e-05,0.043624275577256136,0.043624275577256136
18,30264066,31780067,0.00012002,8.9227e-05,4.8560032961915665e-06,5.251648679092363e-06,0.0014905,0.06788260945382008,0.06788260945382008
18,31780067,33861964,-1.7677e-05,8.1728e-05,4.572180215949429e-06,1.1587739730317002e-05,0.00056171,0.0008944069431588018,0.0008944069431588018
18,33861964,35075250,-3.3724e-05,8.0675e-05,1.2586475431477485e-06,5.996647807625511e-06,0.00019252,0.016005841888321375,0.12870928275790675
18,35075250,36365490,7.4632e-06,8.3349e-05,5.7943612822938864e-06,1.7063865181896571e-06,0.00052156,0.016005841888321375,inf
18,36365490,37684367,-3.7238e-07,8.0856e-05,9.713589209493292e-06,1.3128693883322464e-06,0.00076294,2.4943239871870605e-05,inf
18,37684367,39892648,-3.8036e-05,8.039e-05,3.1305336321619215e-05,2.640157378382012e-06,0.00046592,2.4943239871870605e-05,inf
18,39892648,42922106,3.9656e-05,8.5381e-05,-3.3890830595658192e-06,5.88566886875807e-06,1.0822e-06,2.4943239871870605e-05,0.6048079262622094
18,42922106,44299246,-5.1966e-05,7.9462e-05,1.0247629832829354e-05,1.0197460068274592e-05,0.00033535,0.0051027625946844495,0.0051027625946844495
18,44299246,45939732,-1.6574e-05,8.1799e-05,3.6549843558035105e-08,8.739098717342535e-06,0.00012058,0.023542578596744097,0.023542578596744097
18,45939732,47730584,-4.7267e-05,7.9776e-05,-5.249840471672283e-06,9.534836707158022e-06,0.0001293,0.08535721899660922,0.08535721899660922
18,47730584,51062185,-9.6362e-06,8.225e-05,-1.3921874647521518e-05,1.0516827451693756e-05,1.9281e-05,0.20891745848269813,0.20891745848269813
18,51062185,51554175,-1.5641e-05,5.5733e-05,-9.985098590942368e-07,2.263412984970465e-06,0.0058754,0.5265509743965106,inf
18,51554175,55213838,-4.0413e-05,8.0233e-05,-1.3502699513276324e-05,1.1663770128809635e-05,0.0001362,0.14726089852521565,0.14726089852521565
18,55213838,56530220,3.775e-05,8.5262e-05,1.5609059612613893e-05,7.667965967358198e-06,8.2999e-07,0.03145783082620123,0.03145783082620123
18,56530220,57630483,8.7959e-05,8.8342e-05,7.199458405233912e-06,8.7398817904795e-06,5.4626e-15,0.01949760178486106,0.01949760178486106
18,57630483,59020751,6.249e-05,8.6794e-05,1.1883980976130376e-05,4.106546889609289e-06,1.9036e-06,0.008744873894658072,0.008744873894658072
18,59020751,60277715,0.00042421,0.0001067,-4.7481497154850055e-06,7.012049854806095e-06,7.7932e-25,0.16548329398426015,0.16548329398426015
18,60277715,61820252,5.3899e-05,8.6265e-05,-8.602011765775938e-06,1.1986903380232238e-05,1.4632e-11,0.021021645033750543,0.021021645033750543
18,61820252,63463402,2.1861e-05,8.4264e-05,3.770256629560454e-06,3.5380927488533302e-06,9.8648e-05,0.08988841360400833,inf
18,63463402,64252801,0.00027231,9.0672e-05,2.2294204200186014e-07,1.854522599498718e-06,0.0012363,0.08988841360400833,inf
18,64252801,66125817,-9.6458e-05,7.6423e-05,-3.36537502715952e-06,4.10434217242294e-06,0.00053656,0.5128257158330529,0.5128257158330529
18,66125817,67175820,-9.8277e-06,8.2237e-05,-3.5984149700367663e-06,4.023973274469164e-06,0.00028926,0.5631781617905914,0.6793776638596531
18,67175820,68621179,-3.5617e-05,8.055e-05,1.443890154780531e-06,5.334699904169879e-06,0.00031023,0.023333606467485238,0.49105510880224146
18,68621179,69621618,-8.988e-06,8.2292e-05,3.7771704892061128e-06,1.8760702569037041e-06,0.00072574,0.023333606467485238,inf
18,69621618,71038474,-4.8706e-05,7.968e-05,-2.0252628452940662e-06,3.5224543179518524e-06,0.0011634,0.3374393072923704,inf
18,71038474,71971462,-5.7257e-05,7.9107e-05,1.4076505439005467e-05,5.712723042257366e-06,0.00056349,0.02180189029325008,0.02180189029325008
18,71971462,73526987,-5.312e-05,7.9385e-05,-1.0880369826066224e-05,9.11064448459723e-06,0.00079234,0.08784789044957575,0.20367053911778873
18,73526987,74813815,-1.759e-05,8.1733e-05,1.9145811905367563e-06,5.24167510421812e-06,6.26e-05,0.10038228196605894,0.10038228196605894
18,74813815,75976317,-5.3164e-05,7.9382e-05,-6.156507275879659e-07,3.4754269807110327e-06,4.0971e-05,0.3336426128597276,0.3336426128597276
18,75976317,77149991,3.3393e-05,8.499e-05,3.7738056536565956e-06,4.456776251545747e-06,0.00016408,0.07286003735016962,0.07286003735016962
18,77149991,78017158,4.1927e-05,8.5523e-05,-3.426710672139047e-07,9.712064217677221e-06,0.00011897,0.10164247045058893,0.10164247045058893
19,80840,610729,5.6423e-06,5.7605e-05,6.8439094450669945e-06,1.137939824193633e-05,0.00089456,0.032379543088742115,0.032379543088742115
19,610729,2098396,7.3887e-05,8.749e-05,6.849555317373512e-05,2.5669702743074095e-05,5.8608e-06,0.003105977899444044,0.003105977899444044
19,2098396,3019660,7.6246e-05,8.7634e-05,3.298955094128113e-06,1.6855146118545805e-05,0.00034826,0.006396124619190541,0.006396124619190541
19,3019660,4348967,-2.3011e-05,8.1379e-05,2.020022542144175e-06,2.0661208266816378e-05,1.7067e-05,0.02144412795598995,0.02144412795598995
19,4348967,5811852,4.4258e-06,8.3155e-05,1.0078928533381788e-05,1.7150425723363426e-05,2.3754e-06,0.00455636755701134,0.00455636755701134
19,5811852,6684885,0.00010512,8.9371e-05,2.7081581764150065e-05,1.585106810445522e-05,2.7846e-06,0.018418013776438605,0.018418013776438605
19,6684885,8347513,0.00012227,9.0387e-05,2.2987385018539856e-05,2.028051639597434e-05,6.5766e-13,0.011080180751775578,0.011080180751775578
19,8347513,9238393,0.00021191,8.7947e-05,-5.1808551428753035e-06,1.2984977603196037e-05,5.8866e-07,0.010722120833392034,0.010722120833392034
19,9238393,11284028,0.00010593,8.9419e-05,5.3348623677610775e-05,2.4787261182307476e-05,2.2622e-05,0.004635096454861153,0.004635096454861153
19,11284028,13471127,0.00010288,8.9238e-05,-1.2693911376466152e-06,2.7772224829438305e-05,9.6615e-07,0.015013473415661054,0.015013473415661054
19,13471127,14486347,7.7886e-06,8.337e-05,1.4381102508063417e-05,1.4566627347305027e-05,7.2075e-05,0.03169586968493371,0.03169586968493371
19,14486347,15648610,-1.2852e-05,8.2041e-05,-1.2142623889311037e-05,1.6718725999086628e-05,0.00046338,0.03587868304143015,0.03587868304143015
19,15648610,16374416,0.00021778,8.3941e-05,-9.406257315060292e-06,1.2545708696199462e-05,0.00010242,0.028572805352727857,0.028572805352727857
19,16374416,18409862,6.4263e-05,8.6902e-05,6.678463667586428e-06,2.4475440766127175e-05,6.3675e-13,0.00018076832985507643,0.00018076832985507643
19,18409862,19877471,0.00070415,0.00011986,3.40293984840337e-05,2.2314302308913647e-05,7.6528e-24,0.016505141161039457,0.020408268317737604
19,19877471,20905757,6.5015e-05,4.1113e-05,2.040185439112308e-05,9.96730501360057e-06,8.3168e-06,0.0065251371135774516,0.0065251371135774516
19,20905757,22732896,0.00037529,8.4889e-05,2.0466009608382907e-05,1.3295521659386463e-05,9.1797e-06,0.021316162208337243,0.021316162208337243
19,22732896,23467746,0.000133,5.6967e-05,-2.8935689710220456e-06,6.664121365699858e-06,0.0003155,0.2593755036100408,0.2593755036100408
19,23467746,28557893,5.5374e-05,5.8266e-05,-4.475635709406205e-06,7.709178156404224e-06,9.6009e-05,0.22837698950377938,0.22837698950377938
19,28557893,29790947,3.0926e-06,8.307e-05,-4.55000687985648e-07,1.4218939480787448e-06,0.00061253,0.45935862555651397,inf
19,29790947,30727954,-5.4375e-05,7.9301e-05,9.91232250751791e-06,8.15559709587545e-06,0.00067083,0.015334544299386669,0.015334544299386669
19,30727954,32746520,-3.9061e-05,8.0322e-05,-1.0855294493998377e-06,5.251332629952171e-06,0.00024351,0.12421480947794172,0.6377544293124773
19,32746520,34262952,0.00029031,9.9797e-05,3.070033503995462e-05,1.4159554241143004e-05,3.6008000000000003e-25,0.012392327393084945,0.012392327393084945
19,34262952,36469295,0.00069156,0.0001193,9.790094628043019e-05,2.5349749391096233e-05,2.6593e-135,3.2811653347936186e-05,3.2811653347936186e-05
19,36469295,37527033,0.00050763,0.00010246,2.4304729411715303e-05,1.6831067284012687e-05,6.2872e-05,0.005653436044756185,0.005653436044756185
19,37527033,40170619,6.573e-05,8.6992e-05,6.2772943480760715e-06,2.736171458108636e-05,2.8318e-06,0.0040057729514385255,0.0040057729514385255
19,40170619,40984601,5.491e-05,7.1123e-05,-1.8045414814274124e-05,1.4722551192594997e-05,0.00011596,0.026589905157398112,0.23002473125196896
19,40984601,42131573,5.9247e-05,8.6595e-05,1.2618946189243202e-06,1.800293440187205e-05,1.4329e-11,0.0013058816132807082,0.0013058816132807082
19,42131573,43862455,5.0734e-06,5.4657e-05,-1.1334525064637535e-05,1.990998279716967e-05,0.00015666,0.0045113855136205885,0.0045113855136205885
19,43862455,44744108,5.4767e-05,8.466e-05,-1.833220712653954e-05,1.8048312218079353e-05,9.9366e-05,0.018338263234163592,0.018338263234163592
19,44744108,46102697,8.5881e-05,8.8217e-05,2.368808250666154e-05,2.089017662784805e-05,1.9339e-06,0.0007834266714962749,0.0007834266714962749
19,46102697,47150082,0.00010895,8.9599e-05,-3.458279622755073e-05,1.7893236971281698e-05,3.8713e-07,0.033120739055138716,0.10409951850177071
19,47150082,49282227,3.0536e-06,8.3067e-05,6.4611687765621e-05,2.5948730924084807e-05,2.8184e-05,7.92554542596775e-05,7.92554542596775e-05
19,49282227,51532567,0.0018276,0.00016227,0.00042191861009267036,3.278275558867705e-05,1.3822e-150,2.6722596495991686e-35,2.6722596495991686e-35
19,51532567,52985290,0.00017903,9.3671e-05,4.601194279840266e-05,2.1786472371879287e-05,9.0034e-09,0.0214197092021868,0.0214197092021868
19,52985290,54602362,-3.032e-05,8.09e-05,-2.1975143893125516e-05,1.6954310801564824e-05,1.3759e-05,0.0963484396830473,0.0963484396830473
19,54602362,55728080,4.7363e-05,8.5861e-05,-2.284524697356697e-05,2.179737244058133e-05,1.1019e-12,0.034686174037183146,0.034686174037183146
19,55728080,57521335,-5.0179e-05,7.9582e-05,3.1339771334973994e-05,2.4157843259254442e-05,5.2222e-05,0.007037227119490713,0.007037227119490713
19,57521335,59118839,-5.0913e-05,7.9533e-05,-1.7929433861171074e-05,2.576525233480941e-05,0.00035967,0.02163177472323974,0.02163177472323974
20,60479,697600,1.4159e-05,8.3776e-05,-5.532490222362148e-06,1.2364670245175708e-05,0.0003868,0.017047437023035485,0.025299425349338146
20,697600,2469501,-3.3185e-05,8.0711e-05,5.359507609865573e-05,1.5484422788104544e-05,6.2259e-05,0.011719718913092583,0.011719718913092583
20,2469501,3828413,1.1948e-05,8.3636e-05,6.555288136049074e-06,1.8660164744513764e-05,3.0396e-05,0.016264405742356974,0.016264405742356974
20,3828413,5477850,-5.7805e-05,7.907e-05,-1.3423725050682701e-05,1.130896726473177e-05,0.00013696,0.1653302685460813,0.1653302685460813
20,5477850,7084073,-3.285e-05,8.0733e-05,1.1337107392437304e-05,9.106702273232374e-06,0.00012736,0.005020698383055695,0.005020698383055695
20,7084073,8117011,1.1706e-05,8.362e-05,-1.9857769219204293e-06,3.7969595562763395e-06,0.0007506,0.41466131907430615,0.41466131907430615
20,8117011,9730921,6.8273e-05,8.7148e-05,-5.16435186382019e-06,6.198693200421988e-06,1.1604e-06,0.27542659725745566,0.27542659725745566
20,9730921,11249536,-2.9056e-05,8.0983e-05,1.8370159875778064e-05,7.511579902689825e-06,3.3462e-05,0.005067265667895513,0.005067265667895513
20,11249536,12447499,5.3465e-05,8.6156e-05,-2.3126919676380116e-06,3.588723416544598e-06,6.924e-05,0.7659209207427271,inf
20,12447499,13689864,5.9904e-05,8.6635e-05,-6.522565657709683e-06,6.071386718859944e-06,6.3403e-05,0.4465755406495746,0.4465755406495746
20,13689864,15958359,-6.03e-05,7.8902e-05,-7.837360644547086e-06,6.793038449404446e-06,0.00017894,0.43578019300070436,0.43578019300070436
20,15958359,17487232,-1.7834e-05,8.1717e-05,-3.547218355626839e-06,6.423419003184264e-06,0.00080929,0.13948097145201865,0.35517691515429606
20,17487232,18972203,5.797e-05,8.6516e-05,-5.088273991753616e-06,1.2885928659443675e-05,0.00024967,0.03994649682269017,0.03994649682269017
20,18972203,20959710,2.5397e-05,8.4487e-05,1.517316255518543e-06,8.748091958463358e-06,2.0953e-09,0.11756230112971708,0.11756230112971708
20,20959710,22491456,0.0003528,0.00010308,-6.940972443138267e-06,6.737686763367982e-06,0.00011155,0.42210142786538296,0.4610465319835658
20,22491456,23293790,0.00029986,0.0001003,-1.1144084264692418e-06,6.328281192377684e-06,0.00041792,0.08376261408818202,0.08376261408818202
20,23293790,24717724,-4.6377e-05,7.9836e-05,7.875724351573438e-06,1.2363569262061021e-05,0.00013563,0.03551704074941431,0.03551704074941431
20,24717724,25344231,0.00011207,7.8137e-05,-1.4569355249558302e-05,8.411868655191632e-06,0.0027653,0.4381902346083868,0.569559248759055
20,25344231,31614823,0.0002821,9.9358e-05,6.388152055048068e-06,1.9282977349598685e-05,3.5222e-07,0.02244564980729041,0.02244564980729041
20,31614823,32813441,0.00030265,9.7731e-05,7.176982521922844e-06,1.4158201932110404e-05,1.0575e-07,0.002675033004695491,0.002675033004695491
20,32813441,34960446,0.00098912,0.00013191,3.1691769232577245e-05,1.9306820700659082e-05,7.7302e-06,0.01655736397314082,0.01655736397314082
20,34960446,36909530,6.367e-05,8.6866e-05,4.1786406452454287e-07,1.5859325293444774e-05,0.0003749,0.025553354596480567,0.025553354596480567
20,36909530,38436761,-1.196e-05,8.2099e-05,-9.538913830615973e-06,1.0045762651885242e-05,0.00024918,0.13992657270074416,0.3053771449494938
20,38436761,39610856,0.00014765,9.187e-05,-8.459278901501775e-07,1.4058025010537335e-06,1.9936e-08,0.13992657270074416,1.0
20,39610856,40585689,0.00015501,8.6751e-05,3.575484731550641e-06,7.387235605858028e-06,3.3734e-10,0.026820547940706596,0.026820547940706596
20,40585689,41615460,1.8828e-05,8.4072e-05,-6.173451575191248e-07,3.1576684923030382e-06,0.00023705,0.3369623292952686,inf
20,41615460,42680176,-1.018e-05,8.2215e-05,-9.03165196066053e-06,8.610325879011683e-06,7.2921e-05,0.1382477267688761,0.1382477267688761
20,42680176,44839056,0.00029261,9.9919e-05,-1.2038608267305916e-05,2.4930774176311023e-05,1.8837e-14,0.012190566531701124,0.012190566531701124
20,44839056,47199980,-1.1473e-05,8.2131e-05,-7.113402175753291e-06,1.1393719801673653e-05,8.5748e-06,0.06301732887343729,0.06301732887343729
20,47199980,49239658,0.00010534,8.9384e-05,1.0289467471623413e-05,1.3318003627078168e-05,1.0725e-06,0.03506929996016123,0.03506929996016123
20,49239658,52472549,-6.1192e-05,7.8841e-05,-1.304529312225895e-05,1.1687009468851721e-05,0.00014576,0.09333606763493708,0.09333606763493708
20,52472549,54055266,-7.5905e-06,8.2382e-05,-1.8664453206474609e-06,6.329599273213241e-06,3.1807e-05,0.2120955919177458,0.2120955919177458
20,54055266,56447959,-5.1252e-05,7.951e-05,1.926594420770986e-05,1.425580946812637e-05,4.3898e-05,0.0020654756508505898,0.0020654756508505898
20,56447959,58406572,2.1222e-06,8.3008e-05,9.433330573614534e-06,1.3237324729580565e-05,2.0429e-08,0.05251657895266379,0.05251657895266379
20,58406572,59561724,-4.943e-05,7.9632e-05,-3.435119675703883e-06,5.3467685630330036e-06,0.00031704,0.24031040580975532,0.6681029129168446
20,59561724,61301855,-5.3326e-05,7.9371e-05,1.5383748047968195e-05,1.2286437561861968e-05,2.8518e-06,0.0037617374118706446,0.0037617374118706446
20,61301855,62190180,-1.7117e-05,8.1764e-05,1.9484288671675707e-05,1.4415743259548023e-05,1.618e-05,0.019615722080544008,0.019615722080544008
20,62190180,62965163,0.00076871,0.00012,-2.3736372799849386e-05,1.5842109571231037e-05,2.4257e-09,0.03172219031191033,0.06092251795301768
21,9411243,15950982,3.6272e-05,8.3997e-05,-5.299801713360238e-06,7.3442300858998765e-06,0.0006558,0.2931262832505874,0.2931262832505874
21,15950982,18053165,5.4422e-05,8.6297e-05,-4.541443069900123e-06,4.646995010765386e-06,9.7927e-05,0.8062668295754176,0.8062668295754176
21,18053165,19480375,6.7675e-05,8.7111e-05,2.461949616253068e-06,6.0168864146942324e-06,0.00022534,0.10835463689841714,0.1162826682867325
21,19480375,20962339,-3.6766e-05,8.0474e-05,-1.742975693599182e-07,3.1563786649024633e-06,0.0010428,0.10835463689841714,inf
21,20962339,22072764,-1.389e-05,8.1974e-05,-6.05175434669165e-07,1.234637196564639e-06,0.00043544,0.43033629936610274,inf
21,22072764,23362875,-6.4055e-05,7.8648e-05,-4.4668991669322886e-07,1.670830801578305e-06,0.00015783,0.43033629936610274,inf
21,23362875,24696231,-3.9567e-05,8.0289e-05,-4.61663128647393e-07,1.7268376707657269e-06,0.00097282,0.43033629936610274,inf
21,24696231,26469122,-3.1312e-05,8.0834e-05,-1.6184810538926906e-06,2.491716214491357e-06,0.00010383,0.43033629936610274,inf
21,26469122,27271019,0.00023839,8.8579e-05,-2.3433046907200474e-06,5.7703825052982354e-06,0.00045847,0.042280403676716656,0.27317874617502036
21,27271019,29125226,-2.4805e-06,8.2712e-05,4.040994120253649e-06,6.3201265228176326e-06,9.5574e-06,0.042280403676716656,0.2252194882639831
21,29125226,31197025,8.1307e-06,8.3392e-05,-1.3823386722649087e-06,9.011942037718512e-06,0.00034053,0.14757246194871515,0.14757246194871515
21,31197025,32668642,1.4568e-06,8.2965e-05,-2.385789711522906e-06,1.0605683635446737e-05,0.0002148,0.01597111551736432,0.01597111551736432
21,32668642,34376999,9.4363e-05,8.8728e-05,-5.42915160437109e-06,1.1559335517762569e-05,3.9753e-07,0.06283443900833477,0.19264700555240175
21,34376999,35225465,0.00013874,9.1352e-05,7.379914400212514e-06,1.1432867969839731e-05,2.4045e-08,0.025287493155527335,0.025287493155527335
21,35225465,36524373,3.4129e-05,8.5036e-05,-4.515177478592265e-06,7.999269200227667e-06,1.4674e-09,0.16108285760193392,0.16108285760193392
21,36524373,37870779,5.1268e-05,8.6103e-05,1.9972963766119024e-06,8.58017188283519e-06,5.6182e-06,0.07850849578659888,0.07850849578659888
21,37870779,38711704,-1.5005e-05,8.1901e-05,9.208837115056075e-06,8.431464925139909e-06,0.00093057,0.03418689700154665,0.03418689700154665
21,38711704,40482902,1.1327e-06,8.2944e-05,7.291301663191336e-06,8.260791636095048e-06,9.5749e-05,0.05847675450962473,0.05847675450962473
21,40482902,41389527,-1.6797e-05,8.1785e-05,9.268319629432898e-06,9.05870201954938e-06,0.00036949,0.01677625796791159,0.01677625796791159
21,41389527,43321528,-6.5477e-05,7.8552e-05,-3.380286240750501e-06,9.489081112352634e-06,4.2018e-05,0.07775083013585218,0.07775083013585218
21,43321528,44506268,-5.3729e-05,7.9344e-05,-2.3057892144787722e-05,1.2872416224061668e-05,0.00067953,0.21638781990509393,0.21638781990509393
21,44506268,46177105,4.7558e-06,8.3176e-05,-1.7266301457465866e-05,1.6527600800810177e-05,2.3542e-05,0.10362333244196831,0.10362333244196831
21,46177105,47492226,6.6268e-06,8.3296e-05,1.648648476035771e-05,1.0737880893935533e-05,2.7657e-06,0.018199542658403532,0.08626156180109457
21,47492226,48119752,0.00042103,9.808e-05,3.073900821834395e-05,1.0774435321402293e-05,6.9516e-08,0.0010183345030055685,0.0010183345030055685
22,16050408,17674295,7.8287e-05,7.0179e-05,7.790384563892029e-06,8.100241714818448e-06,0.0029784,0.07013173353063376,0.07013173353063376
22,17674295,18296088,4.6084e-05,8.5781e-05,5.602975213814682e-07,7.882869649569908e-06,6.6771e-06,0.10355467986146098,0.2534647894711786
22,18296088,19912358,0.00019241,9.4429e-05,-4.1787447004054826e-06,1.4320234973245204e-05,2.3907e-14,0.08486437166012512,0.08486437166012512
22,19912358,22357325,0.00014849,9.1919e-05,-2.802442692130613e-05,1.8983620987475354e-05,3.868e-06,0.06339101180128012,0.06339101180128012
22,22357325,23712647,9.1276e-05,8.8542e-05,1.5150755956108818e-05,9.394713340921926e-06,1.3315e-05,0.004954439055050914,0.08291380477172675
22,23712647,24984204,0.000207,9.5248e-05,3.584029730035632e-05,1.5887960909260438e-05,6.6781e-06,0.004954439055050914,0.006169809005675396
22,24984204,26791628,5.7634e-06,8.3241e-05,8.631207179060241e-06,1.1371047292452183e-05,2.0151e-05,0.021862136395995848,0.021862136395995848
22,26791628,27834752,-4.5242e-05,7.9911e-05,-3.7939594920350363e-06,8.41111989591431e-06,0.00015249,0.15402304036592743,0.15402304036592743
22,27834752,29651799,9.8154e-05,8.8955e-05,-5.801575525470467e-06,1.0708152347793352e-05,1.1576e-05,0.016764408740163717,0.016764408740163717
22,29651799,31439918,0.00036465,0.00010369,1.6356078422161767e-05,1.942795815501518e-05,3.8613e-08,0.01664036298061798,0.01664036298061798
22,31439918,32664986,0.0013723,0.00014471,1.8354368256873137e-05,1.394539524892634e-05,1.4089e-06,0.011058852131198685,0.011058852131198685
22,32664986,34494914,-6.6016e-05,7.8515e-05,5.171702936610079e-06,9.214152028230513e-06,0.00021386,0.08504446404416338,0.08504446404416338
22,34494914,35530985,8.4617e-05,8.8141e-05,3.295714240008175e-07,3.2024271464119477e-06,0.00055129,0.26930766312164645,inf
22,35530985,37570269,-5.8446e-05,7.9027e-05,-2.983760863785057e-06,1.7173106498473455e-05,1.2271e-06,0.003819528904970466,0.003819528904970466
22,37570269,39307894,0.00037809,0.00010438,1.2402205257867185e-06,2.0825876417138062e-05,1.511e-16,0.006449570050156238,0.006449570050156238
22,39307894,40545797,8.604e-05,8.8227e-05,1.2319577853749346e-05,1.4727776661670179e-05,5.5121e-08,0.01152685365705923,0.01152685365705923
22,40545797,42690818,0.00097112,0.00013113,-1.2351900284871444e-05,2.0090811679579468e-05,7.0947e-06,0.02403431647393384,0.02403431647393384
22,42690818,43714200,0.00015854,9.2499e-05,1.4328006855204766e-05,1.255767632631913e-05,3.4106e-06,0.000513558346697426,0.000513558346697426
22,43714200,44995308,-1.7481e-05,8.174e-05,-1.2784977782899054e-05,1.0452827107462594e-05,9.3031e-05,0.2573245330331283,0.2573245330331283
22,44995308,46470495,-5.8101e-05,7.905e-05,-9.663191421953516e-06,1.1890126605171554e-05,7.9896e-05,0.10992122903470658,0.10992122903470658
22,46470495,47596318,3.5853e-05,8.5144e-05,1.1755168636142234e-05,1.0512325474438694e-05,0.00018889,0.01457554050945724,0.01457554050945724
22,47596318,48903703,-7.1906e-05,7.8115e-05,-8.973837244868675e-07,1.4085851101920752e-06,2.1019e-05,0.1986919256504032,1.0
22,48903703,49824534,-3.2015e-05,8.0788e-05,-1.3385770735633452e-06,1.9044279886014084e-06,0.00034444,0.9383453820550329,inf
22,49824534,51243298,0.00012328,9.0446e-05,-1.3455168002544272e-05,1.982039987645342e-05,2.0175e-07,0.04379422982038474,0.04379422982038474
