chr,start,end,gwas_h2,gwas_h2_se,burden_h2,burden_h2_se,min_gwas_p,min_burden_p,min_burden_p_no_multi
1,10583,1892607,0.00044422,8.1657e-05,-3.9468814735973637e-07,9.928349658866008e-06,1.82542e-13,0.025385585881370756,0.025385585881370756
1,1892607,3582736,7.8235e-05,6.2787e-05,-2.5506707024609577e-07,6.484853576253764e-06,9.49116e-09,0.026591351453210225,0.026591351453210225
1,3582736,4380811,7.1503e-05,6.2387e-05,-3.337554535422446e-06,3.818188888515729e-06,0.000903052,0.11768052874936069,0.11768052874936069
1,4380811,5913893,-2.5702e-05,5.6287e-05,-1.3499146949143254e-06,1.7597189712214336e-06,2.46741e-05,0.5274260303278716,inf
1,5913893,7247335,7.852e-05,6.2804e-05,-2.9248402528495663e-06,6.217555676143373e-06,2.57942e-05,0.059022457046145095,0.09884795161993909
1,7247335,9365199,0.00015202,6.702e-05,3.5937660470115455e-06,5.468418455253276e-06,5.39734e-18,0.015031305635760073,0.015031305635760073
1,9365199,10806984,0.00076492,9.5164e-05,1.002000139595738e-05,5.787485484752081e-06,6.423320000000001e-18,0.002216737423605378,0.002216737423605378
1,10806984,11777841,0.00022804,7.1119e-05,-2.738918338622806e-06,5.3285272724120296e-06,1.03098e-07,0.13258698979790112,0.13258698979790112
1,11777841,12779466,0.00014774,6.6782e-05,2.0603710735462937e-06,5.667148197475551e-06,2.95063e-05,0.002478779247273323,0.07278770243275343
1,12779466,14891511,2.4471e-05,5.9514e-05,3.50954427981525e-06,5.140094926096391e-06,6.79463e-05,0.002478779247273323,0.03429970817980307
1,14891511,16897730,7.0543e-05,6.2329e-05,1.2189075366609925e-05,7.6916073025995e-06,7.69272e-06,0.0009765222164203175,0.0009765222164203175
1,16897730,18662899,0.00015773,6.7337e-05,1.5223048053970127e-05,5.076847459674369e-06,1.93911e-10,0.0012257646625609855,0.0012257646625609855
1,18662899,20469149,2.9884e-05,5.9851e-05,-8.851456863019328e-06,6.794145638818448e-06,3.54366e-06,0.11371632306591445,0.11371632306591445
1,20469149,21736588,3.6322e-05,6.025e-05,-3.177335782828435e-06,5.269371902399413e-06,3.76267e-05,0.03842148497185747,0.03842148497185747
1,21736588,23086883,5.0684e-05,6.1132e-05,-1.9492600991216482e-06,5.479601072317647e-06,0.000333289,0.044979833960628164,0.044979833960628164
1,23086883,23920590,0.00032598,7.2139e-05,1.2108161800525376e-06,4.929555533606964e-06,7.06792e-05,0.048788139278138895,0.048788139278138895
1,23920590,25516845,6.7341e-05,6.2138e-05,-2.641724810636043e-07,6.490595354220792e-06,1.19838e-08,0.032660661872249724,0.032660661872249724
1,25516845,27401867,0.00021723,7.055e-05,6.860903088303825e-07,1.0685367374378907e-05,2.46908e-06,0.011910361898233348,0.011910361898233348
1,27401867,30161881,6.1011e-05,6.1757e-05,9.472680267671268e-06,8.80868563682991e-06,0.000303596,0.0005525244331529858,0.0005525244331529858
1,30161881,32438685,7.1706e-05,6.2399e-05,-2.5033453243796185e-06,5.750688455556786e-06,8.28438e-07,0.12402327657776194,0.12402327657776194
1,32438685,34799758,0.00022774,7.1103e-05,2.0788541019252047e-05,8.868253913761399e-06,8.86619e-17,0.006187360279896515,0.006187360279896515
1,34799758,37549183,0.00014297,6.6516e-05,6.127749579498546e-06,8.36074179231365e-06,1.2004600000000004e-18,0.0003977254127658101,0.0003977254127658101
1,37549183,38731847,0.00015793,6.7348e-05,-3.774228412352039e-06,6.007421863204941e-06,1.58086e-07,0.2010226234557883,0.2010226234557883
1,38731847,40200567,0.00014032,6.6367e-05,1.0653183345833258e-05,5.179007446262987e-06,4.151e-13,0.007581267895405121,0.007581267895405121
1,40200567,41975327,0.00017536,6.8305e-05,3.7710219436072714e-06,7.106849907422855e-06,2.24925e-10,0.008985781322447095,0.008985781322447095
1,41975327,43758457,4.0894e-05,6.0532e-05,-2.658998096888956e-06,6.586535835129702e-06,2.84099e-05,0.05284406424078535,0.05284406424078535
1,43758457,44969183,0.00016446,6.7708e-05,9.513607626798207e-06,6.335529589944869e-06,3.09868e-06,0.009680538254374723,0.009680538254374723
1,44969183,46899501,0.0002367,7.1571e-05,-8.133621611684345e-06,8.371516301166733e-06,3.40755e-05,0.06761896577329665,0.06761896577329665
1,46899501,48002576,0.00023392,6.9355e-05,-4.244376018741238e-06,5.999276049318897e-06,0.000523584,0.10217368354515523,0.10217368354515523
1,48002576,48978188,0.00012714,6.5623e-05,-9.52394061539513e-07,2.4480039262754735e-06,2.94755e-05,0.14620413854174943,0.14620413854174943
1,48978188,49894177,0.00047974,7.6522e-05,-1.2438303960776363e-06,1.7061359014015198e-06,3.58415e-07,0.4445507598204682,0.4445507598204682
1,49894177,51713726,0.0010901,0.00010197,1.7797978017683208e-06,3.388766564633869e-06,5.95159e-07,0.04740932613767759,0.04740932613767759
1,51713726,54226262,0.00014205,6.6464e-05,2.8220601693648055e-06,7.88417171338396e-06,1.34837e-08,0.037461253761798416,0.037461253761798416
1,54226262,56413117,-1.127e-05,5.7234e-05,-6.908749000921954e-06,6.969571393809859e-06,0.000100923,0.04329781999959274,0.04329781999959274
1,56413117,57021728,0.000407,7.45e-05,-6.460781701200963e-07,1.138950868415732e-06,1.58947e-06,0.65652115131137,inf
1,57021728,58865399,-9.5356e-06,5.7346e-05,2.5939415754831777e-06,3.228870533483033e-06,6.18684e-05,0.014918533331789031,0.014918533331789031
1,58865399,59890409,8.9688e-05,6.3463e-05,-1.7859437814896492e-06,2.1635540374707495e-06,1.92795e-06,0.4557216975936663,0.4557216975936663
1,59890409,61922365,6.2429e-05,6.1843e-05,-2.1402687888689875e-06,2.9737573333741416e-06,3.66791e-06,0.22499118546937372,0.22499118546937372
1,61922365,63455089,1.0861e-05,5.8656e-05,2.277219787402058e-06,3.939744173518911e-06,0.000451258,0.029254706380090045,0.029254706380090045
1,63455089,65041704,0.00012368,6.5427e-05,5.525065010305601e-09,3.92484101738796e-06,1.84749e-09,0.08911368968310357,0.08911368968310357
1,65041704,66939404,0.00035617,7.7538e-05,1.513283335053856e-07,3.88347935902066e-06,1.93599e-13,0.03382729777163361,0.03382729777163361
1,66939404,68477895,9.7222e-05,6.3903e-05,-2.412389242003637e-06,4.881550246786309e-06,4.31429e-08,0.10623051274992759,0.10623051274992759
1,68477895,69687616,5.6317e-05,6.1474e-05,-1.624163294183727e-06,2.390365274880002e-06,7.23141e-05,0.43787918963696204,0.43787918963696204
1,69687616,71372470,8.1279e-06,5.8482e-05,-2.3452523740383524e-06,3.6308960037348763e-06,1.17979e-06,0.22839818878374263,0.22839818878374263
1,71372470,71684405,0.00019017,4.7628e-05,3.827740386053065e-07,8.180818685234235e-07,1.82031e-05,0.1146883911058448,inf
1,71684405,74326907,0.0005464,8.619e-05,6.854087234506776e-06,1.9562620887770108e-06,1.96851e-17,0.005663013026752488,0.005663013026752488
1,74326907,76728135,0.00013469,6.605e-05,-5.018184762469147e-06,4.802478870661795e-06,3.09437e-09,0.163936740955102,0.163936740955102
1,76728135,79661198,7.9264e-05,6.2848e-05,5.9876882877240555e-06,5.325034905930608e-06,9.05312e-11,0.012420183424512229,0.012420183424512229
1,79661198,81354191,0.00012998,6.5784e-05,-7.878699832851251e-07,1.1162242542882107e-06,4.49393e-05,0.40712914249602317,inf
1,81354191,83991748,-5.2722e-06,5.7623e-05,-8.383081956347513e-07,1.3871323836837187e-06,0.00027208,0.40712914249602317,inf
1,83991748,84844495,0.00010663,5.9702e-05,2.854164494973082e-07,2.125116388854994e-06,0.00165549,0.1699312116703131,0.1699312116703131
1,84844495,86454751,-1.0817e-06,5.7893e-05,2.0748720584107996e-05,5.427614977165503e-06,5.4738e-12,0.00048007479810055546,0.00048007479810055546
1,86454751,88128631,0.00016589,6.7787e-05,2.8333352912186678e-06,3.875401247483128e-06,6.1787e-06,0.022774087234075306,0.022774087234075306
1,88128631,90066303,0.0002489,7.2202e-05,-1.4581877007703317e-06,4.927313071794841e-06,1.24137e-06,0.0938141562054885,0.0938141562054885
1,90066303,91886317,0.00012475,6.5488e-05,2.383770173533719e-06,3.535527292415337e-06,6.90622e-08,0.03274718150083642,0.03274718150083642
1,91886317,93536459,0.00059224,8.8148e-05,1.95307943232975e-06,4.833861254368356e-06,4.61605e-09,0.017035740667911543,0.017035740667911543
1,93536459,94506191,0.0001699,5.9525e-05,-2.450767417704326e-06,3.923368359043684e-06,0.000655911,0.09145318143193043,0.09145318143193043
1,94506191,96150893,9.9527e-06,5.8539e-05,-3.786017840117857e-06,3.999219823525356e-06,3.36336e-05,0.3018253580974683,0.3018253580974683
1,96150893,97885249,0.00028139,7.3859e-05,6.267157470450621e-07,1.6071154735394456e-06,4.20172e-11,0.12904381865607958,0.12904381865607958
1,97885249,99800604,0.00014559,6.6662e-05,1.073456516594179e-06,2.4382714322151427e-06,1.86371e-09,0.1085127797008607,0.20419861873453582
1,99800604,100826405,0.00011717,5.9313e-05,-4.061343351235174e-06,4.591995125140633e-06,0.000297021,0.1085127797008607,0.1521041712251908
1,100826405,102041016,2.5235e-05,5.9561e-05,-3.3521564689262364e-06,3.7933217628010354e-06,7.32709e-05,0.006133599823281252,0.2224518026988671
1,102041016,102898745,3.4369e-05,5.4507e-05,6.4905114680792734e-06,1.4098440277807566e-06,0.00120152,0.006133599823281252,inf
1,102898745,103914211,0.00097327,9.6029e-05,-1.260421026713439e-06,1.5760897167693507e-06,1.95085e-09,0.006133599823281252,0.8272388293493446
1,103914211,106087842,5.5054e-05,6.1397e-05,3.2204609420277907e-07,2.601934135309428e-06,0.000272159,0.020013882506122963,0.18676725622306356
1,106087842,108409665,0.00017742,6.8417e-05,2.3456320394876156e-06,2.248216990557243e-06,4.53174e-07,0.020013882506122963,0.9793692737341837
1,108409665,110303931,0.00030439,7.501e-05,1.1502436335810239e-05,8.159047105043701e-06,1.37769e-13,0.004933124204180358,0.004933124204180358
1,110303931,111741737,0.00011717,6.5056e-05,2.5282309777329798e-06,6.317942569794265e-06,2.20771e-06,0.041119677811871085,0.041119677811871085
1,111741737,113273306,0.00013453,6.6042e-05,-2.1803607441893007e-06,6.3023294641708e-06,4.03068e-15,0.0753824760328831,0.0753824760328831
1,113273306,114873845,6.4599e-05,6.1973e-05,1.3431652595072135e-06,5.1613105790771405e-06,0.000129695,0.03119630800030136,0.03119630800030136
1,114873845,115880593,0.00028403,7.371e-05,-2.0698719695295474e-06,4.520749930856455e-06,5.97949e-07,0.002011175087453543,0.16016168386305119
1,115880593,118839067,7.825e-05,6.2788e-05,3.9449885885845705e-06,6.215448181539486e-06,4.82219e-07,0.002011175087453543,0.05208960289010382
1,118839067,144977494,0.00031697,7.5632e-05,-3.541146876686525e-06,4.906440059347423e-06,8.14147e-15,0.06085095546862913,0.06085095546862913
1,144977494,148361253,3.1379e-05,5.9944e-05,-8.33241130678185e-06,6.118977400279971e-06,1.41018e-05,0.10204010547405279,0.10204010547405279
1,148361253,151538881,0.0035149,0.00017186,2.7024755188965952e-05,1.0502425466429136e-05,4.417239999999998e-78,3.346856673381063e-05,3.346856673381063e-05
1,151538881,153180829,0.00032914,7.6229e-05,5.946156596550982e-05,9.419577342049716e-06,6.8328e-16,3.855124022122067e-10,3.855124022122067e-10
1,153180829,154770403,0.00026633,7.3096e-05,6.021119601627054e-06,9.823307698180768e-06,5.0684600000000014e-24,0.00818873251291207,0.00818873251291207
1,154770403,156336133,0.00080149,9.6584e-05,2.7040968186821072e-05,1.0692925068321665e-05,5.8672e-62,0.000169578848575249,0.000169578848575249
1,156336133,158027412,3.2891e-05,6.0038e-05,1.0255846332154736e-05,7.90438404836059e-06,3.84351e-14,0.00025169729677810524,0.00025169729677810524
1,158027412,159913048,6.6355e-05,6.2079e-05,6.780342405008473e-06,8.01586321413803e-06,2.89662e-05,0.011448097632296865,0.011448097632296865
1,159913048,162346721,0.00010378,6.4284e-05,6.897434187417228e-06,1.111269850411089e-05,1.04699e-11,0.010816089252152404,0.010816089252152404
1,162346721,165191702,1.8917e-05,5.9165e-05,1.0450511700760706e-05,4.83475365762499e-06,9.24874e-08,0.0381575457638438,0.0381575457638438
1,165191702,166460517,0.00011824,6.5117e-05,-3.638897645534193e-06,3.850077911379287e-06,1.59351e-08,0.0521250044954803,0.21432031176051544
1,166460517,169086324,-3.2256e-06,5.7755e-05,9.462376309487862e-06,6.594613566344062e-06,7.19963e-09,0.018371414688376355,0.018371414688376355
1,169086324,170557776,0.00019272,6.9245e-05,7.334923437581367e-08,5.347156955815951e-06,3.3714e-06,0.08289247209035104,0.08289247209035104
1,170557776,173097907,0.00049317,8.3859e-05,-2.264828806750203e-06,5.7699484966444245e-06,6.31168e-25,0.09709235111670597,0.09709235111670597
1,173097907,175089768,0.00034849,7.5806e-05,-2.06551976071855e-06,5.48411627880566e-06,1.03106e-10,0.04817805723180811,0.04817805723180811
1,175089768,177433381,0.00017762,6.8428e-05,2.133979172526239e-05,3.411786114772543e-06,3.28041e-10,2.634890900935848e-06,2.634890900935848e-06
1,177433381,178944309,0.00031163,7.5368e-05,9.960355120858497e-07,3.2549617566506165e-06,1.41052e-23,0.07302808492406909,0.13757868072879717
1,178944309,178954470,4.4035e-05,1.989e-05,-7.984661628371642e-08,1.2768086335314095e-07,0.0210754,0.733849694115444,inf
1,178954470,181144121,0.00011251,6.4788e-05,1.0007418814676412e-05,5.872602018223271e-06,8.5844e-06,0.030540841477224093,0.030540841477224093
1,181144121,182755356,3.3661e-05,6.0086e-05,-3.443952647537204e-07,4.234742559827391e-06,8.87298e-05,0.06677021822112897,0.06677021822112897
1,182755356,184595513,6.8485e-05,6.2206e-05,2.797623776386389e-06,5.246053998639289e-06,5.68e-06,0.02349402592539491,0.02349402592539491
1,184595513,186810023,9.2734e-05,6.3641e-05,1.0305083655132472e-05,4.967474885641234e-06,3.32444e-06,0.013551703855712105,0.013551703855712105
1,186810023,188759945,5.3205e-05,6.1285e-05,-9.45123799646395e-07,1.4062577624359783e-06,1.2109e-07,0.4957954347582878,inf
1,188759945,189904130,0.00035058,6.6922e-05,-2.3745439923144762e-07,6.264255242673535e-07,0.000293652,0.4957954347582878,inf
1,189904130,191868930,0.00011345,6.4842e-05,-8.118638985430397e-07,1.1882743711305926e-06,2.11178e-06,0.4957954347582878,inf
1,191868930,194107442,5.844e-05,6.1602e-05,1.2300741921046224e-06,4.194286411428744e-06,0.000188997,0.011307374007085723,0.011307374007085723
1,194107442,196176201,0.00012807,6.5676e-05,9.949739133387972e-07,1.2955439227192697e-06,4.08899e-05,0.16482183585935165,inf
1,196176201,197311514,0.00027484,5.8983e-05,-4.618639323958794e-06,4.279940474911593e-06,2.25995e-06,0.04808897466664071,0.04808897466664071
1,197311514,199239884,0.00024324,7.191e-05,-3.3704309009237324e-06,3.5577990341085953e-06,2.71773e-06,0.1589853087037698,0.4281804664646638
1,199239884,200137649,0.00017572,6.8019e-05,-7.36295774687609e-07,1.316708739547013e-06,2.45656e-06,0.1589853087037698,inf
1,200137649,201589975,9.9531e-05,6.4038e-05,-2.929046405205966e-06,5.769026595135164e-06,1.65778e-26,0.11070197905687337,0.11070197905687337
1,201589975,203334734,0.00019921,6.9593e-05,1.7703591814036172e-05,7.500762222929497e-06,3.67585e-16,9.177881167718038e-07,9.177881167718038e-07
1,203334734,204681068,0.00010645,6.4439e-05,6.4373903410674585e-06,5.883201753770599e-06,9.03162e-07,0.003779581740478158,0.003779581740478158
1,204681068,206073265,0.00016797,6.7901e-05,-8.65800985042433e-06,6.1579472883760695e-06,2.54083e-07,0.19306605079066075,0.19306605079066075
1,206073265,208410364,8.2966e-05,6.3067e-05,5.824885140416329e-06,6.991670496508456e-06,1.05456e-07,0.014251811391418047,0.014251811391418047
1,208410364,210787750,4.1625e-05,6.0577e-05,5.692948941681661e-06,4.796954023780625e-06,2.02395e-05,0.03980061967698995,0.03980061967698995
1,210787750,212842330,0.0001696,6.799e-05,4.429332328296659e-06,5.226428120926988e-06,4.27847e-09,0.004880982664974615,0.004880982664974615
1,212842330,214578266,1.1476e-05,5.8695e-05,4.29159085902974e-06,4.414700693655828e-06,3.34082e-05,0.007228056366414387,0.007228056366414387
1,214578266,216243634,0.00019244,6.923e-05,-3.4121366604992932e-06,2.8464188424037424e-06,3.64299e-08,0.405216086442306,0.405216086442306
1,216243634,218705513,8.6262e-05,6.3262e-05,1.7446451572324754e-06,3.3281385258159064e-06,3.97405e-07,0.10735611484831846,0.10735611484831846
1,218705513,219590571,0.00043638,7.9483e-05,-3.606828029320328e-07,1.2410119086930418e-06,5.1696e-11,0.442814378329457,inf
1,219590571,221858231,0.00084335,9.8185e-05,3.2954111157788934e-06,4.611760385605512e-06,2.26203e-33,0.03868748098181069,0.03868748098181069
1,221858231,222230220,0.00022827,6.0201e-05,-3.417046987466715e-07,6.482067036855685e-07,1.34946e-05,0.6139298787588572,inf
1,222230220,224938520,3.065e-05,5.9899e-05,-2.437390685293737e-07,6.1920329326091105e-06,1.40719e-05,0.03170368712298132,0.03170368712298132
1,224938520,226810860,8.6168e-05,6.3256e-05,4.897656480889433e-06,5.769910386399439e-06,1.13725e-08,0.02201588225767715,0.02201588225767715
1,226810860,229156248,0.00025736,7.2638e-05,8.36478337684742e-05,7.064865505345617e-06,1.43155e-11,3.904074105026328e-18,3.904074105026328e-18
1,229156248,230685255,2.2988e-05,5.9421e-05,5.630877238888687e-06,4.3205584216710555e-06,0.000162193,0.019754733728331204,0.019754733728331204
1,230685255,232090252,0.00015162,6.6998e-05,2.723382494548849e-06,5.39441921444457e-06,6.10004e-07,0.03622927859015182,0.06587280286943237
1,232090252,233429284,9.3814e-06,5.8562e-05,-3.0607327731783288e-06,2.9614232888382864e-06,0.000118076,0.4321069126529671,0.4321069126529671
1,233429284,234599434,1.7658e-05,5.9086e-05,-7.789719255347638e-07,2.852111205233137e-06,0.00079715,0.2492417823683336,0.2492417823683336
1,234599434,235819436,7.633e-05,6.2674e-05,4.621378260227959e-06,4.04809673352026e-06,1.19414e-08,0.0035725433220382156,0.0035725433220382156
1,235819436,237555628,3.4501e-06,5.8183e-05,7.420029475534611e-06,4.388699912819817e-06,9.13899e-05,0.006269340038039934,0.006269340038039934
1,237555628,238567807,8.852e-05,6.3394e-05,-6.821982065518734e-07,1.2250144949132593e-06,3.52913e-08,0.3490990450572724,inf
1,238567807,239925314,8.4325e-05,6.3147e-05,-2.1292044455023774e-07,1.3032465244566717e-06,1.05607e-05,0.2932447030052574,inf
1,239925314,240564091,5.4869e-05,6.1386e-05,4.948423084374572e-07,1.4587810747334404e-06,0.000456289,0.22436394341287885,0.22436394341287885
1,240564091,241582220,1.3265e-05,5.8808e-05,-1.3504213070200731e-06,2.1697609684388794e-06,0.00018093,0.2479143724696869,0.49688875161273394
1,241582220,242071602,0.0001112,6.1808e-05,-2.2326158482910527e-06,3.1819016247740877e-06,9.0647e-07,0.2479143724696869,0.2889059004918814
1,242071602,244109499,3.0876e-05,5.9913e-05,1.1058169360041328e-06,3.2249046820266935e-06,0.000210059,0.08738617706561046,0.08738617706561046
1,244109499,245506746,5.053e-05,6.1122e-05,-8.031764684539018e-07,3.816945629644073e-06,7.48694e-06,0.01858466310963067,0.09434480697082025
1,245506746,247344518,-1.2131e-05,5.7178e-05,3.5309520649499666e-07,4.061986711608227e-06,6.22091e-05,0.01858466310963067,0.20352089471100135
1,247344518,249239466,2.2502e-05,5.939e-05,-1.1145552867848503e-05,7.754048835120446e-06,0.000368194,0.03686948067450987,0.03686948067450987
2,10133,1781022,0.00077638,9.5611e-05,9.209466783701179e-06,3.934310612512692e-06,3.42344e-35,0.0009099247130106981,0.034076150903761114
2,1781022,3973779,6.3924e-05,6.1933e-05,-2.3004470956275416e-06,4.106534384872885e-06,1.284e-08,0.0009099247130106981,0.23141209275681932
2,3973779,5708337,-5.7791e-06,5.759e-05,-5.409570819056245e-07,1.151070199606659e-06,9.82765e-05,0.5625105016305039,inf
2,5708337,6836254,0.00016288,6.7621e-05,-7.17141973214214e-07,1.0233863938022288e-06,8.02845e-08,0.9244848442138653,inf
2,6836254,8422147,9.8287e-06,5.859e-05,2.059356969742449e-06,2.199790851204716e-06,1.81099e-06,0.03725031936698491,0.12296042227102713
2,8422147,10298469,0.00013231,6.5917e-05,2.3976455689593824e-06,5.2479579828244034e-06,1.01652e-13,0.03725031936698491,0.043395482973702014
2,10298469,12419150,0.00010648,6.4441e-05,2.67519458514754e-06,5.195896920878232e-06,2.15823e-07,0.07052062930032207,0.07052062930032207
2,12419150,14335308,4.5179e-05,6.0795e-05,-1.3224067495176685e-06,1.5093499664829448e-06,8.81305e-05,0.8176456966671992,inf
2,14335308,16329735,0.00018192,6.8662e-05,-2.5132344909347233e-07,2.484052375584476e-06,1.08846e-06,0.11625141814662543,0.11625141814662543
2,16329735,18647423,3.4155e-05,6.0116e-05,9.758024873192922e-06,3.912775973103118e-06,0.000473817,0.020912259202421055,0.020912259202421055
2,18647423,19692404,0.00029554,7.4569e-05,-1.1533185782914684e-06,1.5731841881583478e-06,1.60052e-08,0.40309571451240445,0.9944395610102913
2,19692404,21050490,8.2997e-05,6.3069e-05,-5.7495737109429927e-08,4.460187367615266e-06,6.0496e-08,0.084396151325861,0.084396151325861
2,21050490,23341383,6.6841e-05,6.2108e-05,-7.991426406950121e-07,1.4899354213589234e-06,1.21174e-05,0.3275771385433077,0.6337880931126267
2,23341383,24686918,0.00022607,7.1016e-05,-3.4762512013140633e-06,5.490700764446469e-06,1.41459e-06,0.10062991355016948,0.10062991355016948
2,24686918,26894985,0.00029428,7.4506e-05,3.034839744377366e-06,6.599373617805405e-06,2.1608e-13,0.0061441607283642796,0.0061441607283642796
2,26894985,28598777,0.002647,0.00015187,9.729350171550996e-06,9.333762820122775e-06,2.23384e-27,0.023911116102557955,0.023911116102557955
2,28598777,29217559,0.00018924,6.8249e-05,-4.6692427335557045e-08,3.3404726845515443e-06,9.95186e-06,0.14938394258683138,0.1625298164558549
2,29217559,30463711,1.8107e-05,5.9114e-05,1.1672340844071243e-05,2.647927309391169e-06,5.06054e-05,0.0013387976899929515,0.0013387976899929515
2,30463711,31550450,0.00016027,6.7477e-05,-4.761795503323448e-06,3.4573219905985913e-06,1.7993e-07,0.40559343732203423,0.40559343732203423
2,31550450,33363777,0.0001122,6.4771e-05,-2.2082935481634685e-06,4.361988702452335e-06,1.12583e-06,0.17628400741982087,0.17628400741982087
2,33363777,35345028,7.2107e-05,6.2423e-05,7.434911136348094e-07,2.168471650126522e-06,1.57297e-11,0.049004683656514954,0.21284928124663507
2,35345028,36122006,0.00023358,7.0872e-05,1.5124060826252225e-06,7.439032465615337e-07,1.87134e-05,0.049004683656514954,inf
2,36122006,38132712,0.00018078,6.86e-05,-1.0163987442113396e-06,5.250985960806006e-06,2.7504e-12,0.03907594405348476,0.03907594405348476
2,38132712,39031337,0.00029011,7.4298e-05,-1.29897720133262e-07,3.6658714878486007e-06,3.61433e-06,0.05130444917662894,0.1351849189671407
2,39031337,40281483,0.00025345,7.2437e-05,1.7447922725115778e-05,4.056720749970321e-06,1.30098e-06,0.000895709708148326,0.000895709708148326
2,40281483,43309590,0.00034149,7.6829e-05,2.7002874314461183e-06,4.340254266931399e-06,1.17486e-10,0.006193812939605137,0.006193812939605137
2,43309590,44313803,0.00029508,7.4546e-05,4.773029104795017e-06,3.686611907146133e-06,2.25964e-07,0.03143901764147803,0.03143901764147803
2,44313803,46482634,9.1728e-05,6.3583e-05,-3.858529310749698e-06,4.09852942450213e-06,1.01032e-07,0.18923197439889194,0.18923197439889194
2,46482634,47318772,0.00010156,6.4156e-05,1.0319938334425563e-05,3.955531316746558e-06,2.79968e-05,0.0010171503149833405,0.0010171503149833405
2,47318772,48213001,6.953e-05,6.2269e-05,-1.5506762852791688e-06,2.7496674639284683e-06,4.24611e-05,0.1630414146316872,0.29219052740601553
2,48213001,50022257,0.00016538,6.7759e-05,3.5337198681503117e-06,3.851630382879575e-06,7.11993e-07,0.026425764482463796,0.026425764482463796
2,50022257,50818928,0.00048227,8.3249e-05,1.7995327750610157e-07,4.959158889719544e-07,5.22793e-08,0.21865502423687555,inf
2,50818928,52491133,0.00019432,6.9331e-05,2.3477545679314495e-07,9.430204407763933e-07,5.05693e-07,0.21865502423687555,inf
2,52491133,53508452,0.0001551,6.7191e-05,-5.869045589244717e-07,8.893771920710504e-07,0.000114728,0.7961240875799073,inf
2,53508452,54685226,6.8878e-05,6.223e-05,7.3627887527348e-06,3.546713506773712e-06,8.05063e-07,0.022229316733763577,0.022229316733763577
2,54685226,56203345,0.00062776,8.9636e-05,-1.1228676568401079e-08,8.22406671203854e-06,7.77871e-19,0.03860959904131574,0.03860959904131574
2,56203345,57429100,0.00031841,7.5703e-05,6.252695666212738e-07,1.5358325747013515e-06,2.66273e-06,0.03619418190455883,0.29589455276641263
2,57429100,58297315,0.00043843,7.7814e-05,3.130953584766847e-06,1.3069437554826063e-06,9.25332e-06,0.03619418190455883,inf
2,58297315,60292000,0.000242,7.1846e-05,-8.196500511899026e-07,1.6495507056156465e-06,1.18808e-08,0.03619418190455883,0.5575609181748981
2,60292000,62429044,0.00016262,6.7607e-05,3.4807156279088545e-06,4.848948522157242e-06,6.49997e-06,0.03092434893623277,0.03092434893623277
2,62429044,64625913,0.00022334,7.0872e-05,-4.964359410850174e-06,4.240628036335134e-06,1.0196e-06,0.14241690788053846,0.14241690788053846
2,64625913,65933444,0.0001248,6.5491e-05,1.6779935363654584e-06,3.7080415604979896e-06,2.6116e-05,0.03322502788572759,0.03322502788572759
2,65933444,67226166,0.0001293,6.5746e-05,-1.3734485137808792e-06,1.5378074684961088e-06,0.000145683,0.660406941457153,0.9788555841705491
2,67226166,68010176,0.00041849,8.0475e-05,-9.660989243566122e-07,1.3686016974953712e-06,3.84117e-11,0.7394505601709722,inf
2,68010176,69139564,0.00017437,6.8251e-05,-5.742656217100511e-06,4.730633885219636e-06,1.4695e-09,0.14582788523551715,0.14582788523551715
2,69139564,70755198,0.00047483,8.3041e-05,3.733765299813882e-06,5.817543961074952e-06,3.13253e-12,0.011175707947584126,0.011175707947584126
2,70755198,73174848,2.6806e-05,5.9659e-05,3.431920891557063e-05,6.039078608897668e-06,0.000126921,2.879549721075003e-05,2.879549721075003e-05
2,73174848,75630086,4.3679e-05,6.0703e-05,-1.622595316436745e-05,9.359858637504462e-06,0.000124874,0.0453082652714489,0.0453082652714489
2,75630086,76913661,0.00010193,6.4177e-05,2.9508194053097517e-07,2.282862666788094e-06,0.0010265,0.14640034751488162,0.14640034751488162
2,76913661,78079264,7.088e-05,6.235e-05,-7.097780324142289e-07,1.0037870891813679e-06,7.51492e-05,0.9975623237921122,inf
2,78079264,80050403,1.9187e-05,5.9182e-05,-2.8245003077473513e-07,2.979770407473734e-06,1.34956e-05,0.06461564178607128,0.23071209840805754
2,80050403,81620841,1.7515e-05,5.9077e-05,6.432388358983177e-07,1.1773032409009771e-06,0.000260302,0.06461564178607128,inf
2,81620841,85140680,0.00011294,6.4813e-05,-5.342522344315996e-07,2.6526631465652407e-06,6.54305e-06,0.14495437728390656,0.14495437728390656
2,85140680,88038507,0.00019451,6.9341e-05,1.314233325121214e-05,8.07299014016008e-06,6.88272e-07,0.012180688369971927,0.012180688369971927
2,88038507,95326452,6.8188e-05,5.6094e-05,-1.4319349963206895e-06,4.26540231784175e-06,0.000175022,0.053279658102947,0.053279658102947
2,95326452,98995201,0.00027454,7.3513e-05,-6.571735615801226e-06,8.176505803513454e-06,4.32946e-08,0.07614871449342873,0.07614871449342873
2,98995201,101822329,0.00034208,7.6858e-05,1.5371780048825703e-05,7.062971466293832e-06,1.85695e-08,0.002233386030045402,0.002233386030045402
2,101822329,102688765,0.0002493,7.0423e-05,-5.1618822600677593e-08,3.4650740964388924e-06,2.2887e-05,0.10370195697576487,0.10370195697576487
2,102688765,103588215,0.00017023,6.6268e-05,-3.154084869213667e-07,4.057482467337644e-06,0.000134629,0.07707643094611902,0.07707643094611902
2,103588215,105125034,0.00092403,0.0001012,8.852536112111964e-07,1.4412313807902555e-06,2.57854e-12,0.18220460804270172,inf
2,105125034,106210058,0.0004625,8.2486e-05,1.2709096562940173e-06,3.2329208811610593e-06,8.97017e-11,0.029069729386230623,0.029069729386230623
2,106210058,107408267,6.7777e-05,6.2164e-05,4.802557987299699e-06,2.908857552408561e-06,3.86261e-06,0.005306061687308462,0.005306061687308462
2,107408267,108429177,0.00019793,6.862e-05,1.2243834294752045e-06,1.6210373665659845e-06,5.93106e-05,0.09874625138093439,inf
2,108429177,110572432,0.00015569,6.7224e-05,6.782772608017855e-06,4.936355113343271e-06,3.98469e-06,0.005130479503861152,0.005130479503861152
2,110572432,113921856,0.00011372,6.4858e-05,-4.752439750923794e-07,7.916196541335795e-06,1.50947e-06,0.008429603222009738,0.008429603222009738
2,113921856,116772470,1.956e-05,5.9205e-05,-2.0977598863842675e-06,3.855917038607705e-06,2.97055e-06,0.21033215614630987,0.21033215614630987
2,116772470,118367466,9.5069e-05,6.3778e-05,-8.279023762489244e-07,1.201408710609982e-06,0.000155383,0.41435781715712683,inf
2,118367466,121303783,8.0931e-05,6.2947e-05,3.310357051047051e-06,5.902390184671701e-06,8.95492e-06,0.01025958800663175,0.01025958800663175
2,121303783,123302906,4.4201e-05,6.0735e-05,1.0289085767375037e-05,3.0194186381229086e-06,8.31112e-06,0.00023519645725219652,0.00023519645725219652
2,123302906,124732250,6.8298e-05,6.2195e-05,1.633158720543008e-08,7.824263969052969e-07,7.27748e-05,0.19173900626908286,inf
2,124732250,125840921,0.00015722,6.7309e-05,-3.6109180394637105e-07,6.48805082632746e-07,3.4317e-07,0.6444876091228174,inf
2,125840921,127373764,4.9805e-05,6.1021e-05,-2.4166894927416875e-07,1.2695199374352429e-06,0.000277363,0.34114487931427623,inf
2,127373764,128034347,0.00017228,6.8137e-05,-2.1944767093716328e-06,2.19313086537217e-06,7.75791e-07,0.34114487931427623,0.6031829540262649
2,128034347,129474441,0.0001183,6.512e-05,6.966842210623001e-06,4.884776803759545e-06,1.31079e-05,0.017076979478965054,0.017076979478965054
2,129474441,130067170,-1.1398e-05,4.8512e-05,-4.34947181886642e-07,7.270639073692149e-07,0.000707778,0.471499649355283,inf
2,130067170,130658085,0.00010486,5.4871e-05,-3.094121120278674e-07,9.086974141438579e-07,0.000301849,0.471499649355283,inf
2,130658085,133042784,0.0001487,6.1823e-05,1.2501752112049575e-06,6.288718166535332e-06,9.88443e-05,0.006531038319858944,0.009473494002580879
2,133042784,135158578,0.000104,6.4297e-05,4.199910543841253e-06,2.6654446550653573e-06,2.60527e-05,0.006531038319858944,0.34847621712482557
2,135158578,137042794,0.00017533,6.8151e-05,-2.678845041624342e-06,4.815211203192904e-06,0.00010898,0.04698838281383254,0.04698838281383254
2,137042794,138698117,8.3961e-05,6.3126e-05,-1.6493775261041884e-07,1.8344700730643567e-06,8.8117e-07,0.18289239313705424,0.18289239313705424
2,138698117,140100271,2.0234e-05,5.9248e-05,2.5645540056179913e-06,1.7828505647553469e-06,0.000177783,0.03632008332061214,0.03632008332061214
2,140100271,141805351,2.1502e-05,5.9327e-05,-9.252952859466027e-07,9.99174037741755e-07,0.000224476,0.785705227899812,inf
2,141805351,142518602,9.1439e-05,6.2298e-05,-3.190157104447854e-07,4.857251858022778e-07,4.03584e-05,0.7896414710423714,inf
2,142518602,144519484,0.00012118,6.5285e-05,-1.104023906694085e-06,2.0139218246127088e-06,2.46089e-06,0.30561899787969904,0.9424182535132464
2,144519484,146445570,0.00017968,6.854e-05,6.097185959791029e-06,1.7911521400230727e-06,1.03425e-06,0.03254176478945198,0.03254176478945198
2,146445570,147277162,0.00019891,5.7463e-05,7.249699119785968e-07,4.6790233353158453e-07,0.000757041,0.03885768441629649,inf
2,147277162,150210292,2.8609e-05,5.9772e-05,-1.8743681470014893e-06,3.4720373989560472e-06,1.60683e-07,0.12827170299117316,0.1809611929874284
2,150210292,151731462,0.00013965,6.633e-05,1.3637401575394559e-06,2.2159424473759587e-06,5.94884e-06,0.12827170299117316,0.1307452551982556
2,151731462,152486782,0.00054317,8.1912e-05,4.334130446992756e-06,2.9897644740671293e-06,1.44522e-12,0.04441573944499641,0.04441573944499641
2,152486782,154005056,0.00019528,6.9382e-05,-5.767521039783001e-07,3.5901095395451853e-06,7.87619e-08,0.21308928598640972,0.21308928598640972
2,154005056,155391135,7.4842e-05,6.2586e-05,-1.8577578828158386e-06,1.9813268788757934e-06,0.000213675,0.7231559280797604,0.9641186574235754
2,155391135,157560635,3.52e-05,6.0181e-05,5.414602985253609e-06,1.6633110384051787e-06,2.09331e-05,0.008681700041959903,0.008681700041959903
2,157560635,158533218,0.00023736,6.289e-05,-6.349637374754412e-07,2.8846138112446173e-06,0.000311725,0.2296591930058224,0.2296591930058224
2,158533218,159577082,0.000166,6.7793e-05,3.252336477475439e-07,2.8829531464165092e-06,0.000203568,0.060587874835865196,0.060587874835865196
2,159577082,161769733,0.0001157,6.4971e-05,-4.196285360966062e-06,4.564850043978775e-06,8.31263e-08,0.13217406938747522,0.13217406938747522
2,161769733,163503551,7.1448e-05,6.1375e-05,2.7358877000790966e-06,4.233804388226139e-06,1.23649e-05,0.026463918326688866,0.026463918326688866
2,163503551,164466638,0.00023677,6.5765e-05,-6.549835002937763e-07,1.2754750403324801e-06,8.95247e-05,0.39107200718911395,inf
2,164466638,165178840,0.00056369,7.8535e-05,-8.762063966469333e-07,9.284210725238601e-07,1.84249e-09,0.7761288434820034,inf
2,165178840,167160270,0.00048614,8.3546e-05,2.1329260827914265e-05,4.281463176537437e-06,1.16284e-16,0.0009373825788913813,0.0009373825788913813
2,167160270,167355970,9.1581e-05,3.7477e-05,3.4707090969107826e-07,6.736470354516874e-07,0.000390595,0.19035187607666418,inf
2,167355970,169968236,0.00012473,6.5487e-05,2.676126970965413e-06,4.282352194646727e-06,2.94389e-08,0.04486695762415985,0.04486695762415985
2,169968236,171226245,3.2734e-05,6.0028e-05,5.175531305698197e-06,4.861365246703478e-06,0.000748197,0.006908848679675829,0.006908848679675829
2,171226245,173138905,0.00011645,6.5014e-05,4.937873200791046e-06,5.418214363330313e-06,3.37143e-15,0.013894649786134364,0.013894649786134364
2,173138905,175588929,8.2847e-05,6.306e-05,1.380431514318551e-05,5.004677666253024e-06,7.40199e-09,0.00036474270856497366,0.00036474270856497366
2,175588929,177363636,0.00039515,7.9387e-05,2.1353489844058227e-06,5.549528820622337e-06,6.26197e-16,0.09651098067029451,0.09651098067029451
2,177363636,178553183,0.00012984,6.5777e-05,3.1315755891246897e-06,3.1251683970422997e-06,3.39539e-06,0.0493354026115545,0.0493354026115545
2,178553183,181312739,9.4457e-05,6.3742e-05,0.00011804376160440168,5.000084606285574e-06,1.97635e-07,6.4490735348169775e-27,6.4490735348169775e-27
2,181312739,182266031,0.00015743,6.5227e-05,4.492616618315599e-06,1.6040604504784683e-06,7.90303e-07,0.020166447254590485,0.020166447254590485
2,182266031,184357608,0.00028675,7.4129e-05,-6.167748667574201e-06,4.434167916443741e-06,2.92416e-12,0.2170326354380671,0.40126644971575065
2,184357608,185280173,0.00032254,7.2346e-05,-3.871014675782339e-08,9.373194225251043e-07,0.000431135,0.2170326354380671,inf
2,185280173,189882065,0.00014997,6.6906e-05,3.3101652610006287e-06,4.380213891766071e-06,1.77373e-05,0.03082869148740406,0.03464600421438835
2,189882065,191973357,0.00077894,9.5711e-05,1.558087756191472e-05,5.9712541638959395e-06,9.22999e-11,0.01186029822948737,0.01186029822948737
2,191973357,195861164,4.5841e-05,6.0836e-05,6.570881943064867e-06,3.1301449452642728e-06,2.98036e-05,0.0015777640031120423,0.0015777640031120423
2,195861164,196447456,7.0536e-05,4.7656e-05,-7.830341066567355e-08,4.4093406426553926e-07,0.00449172,0.386838526514679,inf
2,196447456,198078110,2.5251e-05,5.9562e-05,-5.241625936483276e-06,3.980757399782638e-06,2.10933e-05,0.2828059691388255,0.2828059691388255
2,198078110,199311125,0.0063563,0.00022372,-1.6062246552736485e-06,4.176148974082268e-06,1.09007e-35,0.1094055710663701,0.1094055710663701
2,199311125,201576284,0.00024754,7.2132e-05,7.764035072186916e-07,4.072823574953345e-06,2.16457e-07,0.04144444545081542,0.13105611947563822
2,201576284,202818637,4.2929e-05,6.0657e-05,1.1306231071985019e-05,6.115990511578891e-06,6.67082e-05,0.0037385784264135206,0.0037385784264135206
2,202818637,205799241,0.00019594,6.9418e-05,1.9927351706391163e-06,5.771436621144196e-06,9.1589e-11,0.03525670593459574,0.03525670593459574
2,205799241,206735704,3.0468e-05,5.9888e-05,1.5692683133131472e-07,1.5824208872027875e-06,3.74043e-05,0.20402635781737286,inf
2,206735704,208645399,0.00040861,8.0016e-05,-1.776702540803017e-06,5.4105160282410235e-06,8.04051e-16,0.04832622938834871,0.04832622938834871
2,208645399,209941529,0.00016862,6.7936e-05,4.092022415516272e-06,4.423854242457125e-06,0.000253561,0.03958700620111949,0.03958700620111949
2,209941529,212379518,0.00038082,7.8712e-05,3.90032527214909e-06,4.085093195319248e-06,6.20325e-19,0.05886402515802775,0.05886402515802775
2,212379518,214014282,0.0001299,6.578e-05,2.679644387215704e-07,1.5082869946631983e-06,8.63825e-13,0.1138047439802809,inf
2,214014282,215573795,0.00020435,6.9867e-05,-1.4874852999864803e-06,2.1344545109690968e-06,9.55126e-05,0.1138047439802809,0.5730837331326835
2,215573795,217715661,0.00013322,6.5968e-05,-5.66388454771053e-06,5.092112330735648e-06,6.40675e-26,0.22241985495304323,0.22241985495304323
2,217715661,218395480,0.00036606,7.7295e-05,-8.102736729312817e-07,1.1678529242220071e-06,2.7282e-09,0.890948138046065,inf
2,218395480,220454551,0.00037447,7.8412e-05,1.6034115722313794e-05,1.049182384944258e-05,8.15923e-19,0.002303296977832615,0.002303296977832615
2,220454551,222521176,5.3062e-05,6.1276e-05,1.406861537021614e-06,2.3678177098089997e-06,3.84952e-05,0.04535766363028344,0.9940288943139014
2,222521176,224859419,0.00010286,6.4231e-05,-3.5991923778318897e-06,4.56415260470716e-06,9.93962e-08,0.11523244508945032,0.11523244508945032
2,224859419,225840004,0.00044522,8.0847e-05,-8.182653113024898e-07,2.5692810150504992e-06,1.60703e-05,0.2872338936412694,0.2872338936412694
2,225840004,228119842,0.0012791,0.00011351,5.2607722353262044e-05,3.1436850949318027e-06,8.593160000000001e-48,8.798999754884918e-11,8.798999754884918e-11
2,228119842,229370787,0.00015609,6.7246e-05,4.463796050344859e-06,4.056239912733604e-06,2.11492e-06,0.05608603291689614,0.05608603291689614
2,229370787,231843389,3.9368e-05,6.0438e-05,4.193144255143503e-06,4.996844964762863e-06,4.04413e-07,0.011587803047632942,0.011587803047632942
2,231843389,233550003,2.044e-05,5.9261e-05,-4.115196459444154e-06,6.968424419959146e-06,1.96255e-06,0.05067097677292626,0.05067097677292626
2,233550003,235150987,3.574e-05,6.0214e-05,3.417243646472499e-06,6.2450041426047895e-06,0.000146723,0.0035142029519724277,0.0035142029519724277
2,235150987,236043550,6.4051e-05,6.194e-05,-1.1927135501728814e-06,1.6927965081585495e-06,0.000278162,0.45433827220140854,0.45433827220140854
2,236043550,237449032,8.259e-05,6.3045e-05,6.724495956458692e-07,2.9472175299430914e-06,6.26102e-06,0.12545242004044085,0.12545242004044085
2,237449032,238760981,0.00020235,6.9761e-05,9.695603036398077e-06,3.998928761017424e-06,1.94606e-07,0.0001061231047986761,0.0001061231047986761
2,238760981,239952643,9.6036e-05,6.3834e-05,7.230220560632654e-06,4.778170103760587e-06,1.836e-06,0.018953106198222592,0.018953106198222592
2,239952643,241560084,0.00012685,6.5607e-05,1.1390062378767714e-05,4.573973024029385e-06,2.26889e-11,0.006058307437700864,0.006058307437700864
2,241560084,242149921,0.00041468,8.0298e-05,8.325102857845307e-06,4.724348006413371e-06,8.39771e-16,0.010908876402730933,0.010908876402730933
2,242149921,243188920,0.00033953,7.6734e-05,1.7535473117752397e-06,5.6393407343933554e-06,2.83802e-09,0.04382336877537722,0.04382336877537722
3,60157,1441779,9.8309e-05,6.3967e-05,7.945927382156117e-07,1.6287756859638945e-06,0.00029481,0.18178585187713586,0.24329899746820421
3,1441779,2992120,2.9552e-05,5.9831e-05,-4.814946489569512e-07,1.6919509977644155e-06,7.98404e-06,0.18178585187713586,0.6809184339514949
3,2992120,4431647,-3.3386e-05,5.5776e-05,-1.5240395385900368e-06,3.1371592549291744e-06,0.000213376,0.2323858976848808,0.2323858976848808
3,4431647,6083183,-1.6902e-05,5.6866e-05,-2.0971229276231635e-06,2.7915870928927747e-06,1.99006e-05,0.23950498264211784,0.6186008855805868
3,6083183,7083387,1.0325e-05,5.8622e-05,5.898374766854073e-07,7.442462579178917e-07,7.01959e-05,0.15189090095953742,inf
3,7083387,8648561,-2.5907e-05,5.6273e-05,-4.385010151180511e-07,1.6026652084312509e-06,2.72857e-05,0.15189090095953742,inf
3,8648561,9543183,7.5948e-05,6.2652e-05,-9.051544436885181e-08,3.7992793620705507e-06,1.97882e-05,0.16129348328312298,0.16129348328312298
3,9543183,11019665,5.6086e-05,6.146e-05,2.498197137443771e-06,7.415248539711736e-06,3.55236e-06,0.011097929253121492,0.011097929253121492
3,11019665,13070799,0.00028027,7.3803e-05,-5.2707752725587416e-06,5.334725285896469e-06,2.17621e-20,0.08422814291960955,0.08422814291960955
3,13070799,14816900,9.6747e-05,6.3876e-05,8.631772107309941e-06,4.732267796716574e-06,2.02745e-08,0.007363214428775069,0.007363214428775069
3,14816900,16282442,0.00023573,7.152e-05,7.851458167109561e-07,5.18188878246922e-06,1.0998e-05,0.04359451045236125,0.04359451045236125
3,16282442,17891118,6.595e-05,6.2054e-05,-2.7708276608028396e-06,3.2469402663379525e-06,9.29596e-06,0.2508522124175743,0.2508522124175743
3,17891118,19125144,0.0002018,6.9731e-05,-1.1295028683150958e-07,1.568703636616001e-06,2.52317e-06,0.23770388606332887,0.23770388606332887
3,19125144,20091348,0.00030497,6.9865e-05,-3.223472858815654e-06,2.6888363873071277e-06,7.39703e-07,0.2192527603276832,0.7336410991779228
3,20091348,21643707,0.00027174,7.3371e-05,2.033252980802044e-06,2.046345592550338e-06,4.47369e-10,0.11884380722590074,0.11884380722590074
3,21643707,22204244,9.7067e-05,6.3894e-05,8.64341157884705e-08,4.983201656555181e-07,0.000117908,0.2644526844694236,inf
3,22204244,23804865,2.7648e-05,5.9712e-05,-1.87181820061855e-07,1.6831897442553727e-06,9.91837e-05,0.16946816804738352,0.6074104609745896
3,23804865,25461558,7.9296e-05,6.285e-05,7.048971441153606e-06,3.1933080632685e-06,2.76091e-05,0.01411094162880732,0.01411094162880732
3,25461558,26877769,0.00012122,6.5287e-05,8.486844407201308e-06,2.7599194362899045e-06,1.24546e-05,0.006834948595305215,0.006834948595305215
3,26877769,27840910,0.00044487,8.1686e-05,7.581361231739386e-06,2.1776876981655064e-06,9.10873e-07,0.0064885677571579516,0.0064885677571579516
3,27840910,29142260,8.736e-05,6.3326e-05,-1.7460975383342505e-06,2.5743709969893236e-06,0.000615301,0.13916080725973726,0.4012949907800525
3,29142260,30717955,7.9972e-05,6.289e-05,-1.5419863172375648e-06,1.8428676386881267e-06,1.23118e-05,0.5714127223233072,inf
3,30717955,32351715,6.9899e-05,6.2291e-05,-2.8819078300972973e-07,2.9942821447570644e-06,2.3961e-05,0.06204554285746984,0.06204554285746984
3,32351715,33255592,7.1179e-05,6.2312e-05,-9.707617394513763e-07,4.167589263786715e-06,4.33283e-06,0.05860887482859506,0.05860887482859506
3,33255592,35283458,0.00010977,6.4631e-05,1.5759391315224906e-05,2.9854950704965783e-06,5.3089e-06,1.7358688729416426e-05,1.7358688729416426e-05
3,35283458,36486842,8.0035e-05,6.2784e-05,-1.3156862885668202e-06,1.3678269922760918e-06,0.000169882,0.794465022116496,inf
3,36486842,38356116,0.00014978,6.6896e-05,5.085687530785634e-06,5.616485121713567e-06,2.33153e-07,0.0017836586745065227,0.0017836586745065227
3,38356116,40221298,0.00024054,7.177e-05,1.6417972349506453e-05,5.952683333314131e-06,1.71627e-35,0.013143896703120059,0.013143896703120059
3,40221298,41064528,0.00012853,5.225e-05,6.9041518225402815e-06,3.2264358576283664e-06,0.000209468,0.007334520967889122,0.007334520967889122
3,41064528,42540002,9.3138e-05,6.3665e-05,-2.4324049071504435e-06,3.132189908614279e-06,4.19814e-06,0.04597677779840818,0.5757242634020968
3,42540002,45165153,0.00016916,6.7966e-05,6.937017017307819e-06,8.432485509268646e-06,2.33903e-13,0.03478914093812131,0.03478914093812131
3,45165153,46657500,0.00016142,6.7541e-05,-3.677752375120349e-06,6.180844432141826e-06,1.83389e-06,0.0420353646508349,0.0420353646508349
3,46657500,47727212,0.00053671,7.8362e-05,1.294040190305251e-05,5.798120553611198e-06,3.81144e-09,0.003072831531777906,0.003072831531777906
3,47727212,49316972,0.0013852,0.00011043,2.0712802559928367e-05,9.044957753944551e-06,1.31001e-13,0.004426032574359681,0.004426032574359681
3,49316972,51832015,0.0075087,0.00024244,3.257020980157519e-05,1.0025785349404296e-05,3.04044e-33,0.000773208221769575,0.000773208221769575
3,51832015,54081390,0.00078242,9.5846e-05,1.00489157801668e-05,9.850767796397435e-06,1.6097299999999998e-20,0.0006973851936172387,0.0006973851936172387
3,54081390,55348860,-3.273e-05,5.582e-05,-2.6212630171557566e-07,2.1920153106405375e-06,5.05106e-05,0.2063875047158775,0.2063875047158775
3,55348860,56433907,0.000297,7.4642e-05,-1.8001593017102945e-07,1.8981583727692155e-06,2.30215e-06,0.035252390211898,0.9345579577103372
3,56433907,58157519,0.00017111,6.8073e-05,3.7656920389016487e-06,5.109978975832288e-06,2.06692e-06,0.035252390211898,0.047957205148421625
3,58157519,60272906,-1.5055e-05,5.6987e-05,3.1788218223165846e-06,4.459873470612077e-06,9.27639e-06,0.011869898747255591,0.011869898747255591
3,60272906,62355666,1.2655e-05,5.877e-05,1.1528593640333254e-06,2.207564576223522e-06,1.20333e-06,0.06661883664133295,0.06661883664133295
3,62355666,63669286,5.1468e-05,6.1179e-05,3.417005598701954e-07,2.247708331171164e-06,3.19838e-07,0.2614004850737402,0.2614004850737402
3,63669286,65273538,0.00012041,6.524e-05,3.996038128880859e-06,3.252164613145972e-06,8.55571e-10,0.01845479518636941,0.01845479518636941
3,65273538,66270447,0.00010884,6.4577e-05,2.678868284739622e-06,1.7340279457410845e-06,6.84225e-05,0.045178442546122376,inf
3,66270447,68286914,4.923e-05,6.1043e-05,-6.291964516030921e-07,2.6272278672302845e-06,7.96941e-05,0.05044634617647133,0.34095575086628366
3,68286914,69276762,7.3278e-05,6.2437e-05,-3.0554488057603085e-06,3.5430348732976435e-06,0.00202558,0.05044634617647133,0.3789048843377715
3,69276762,70449028,0.00012656,6.5591e-05,5.7398538084463805e-06,1.865616276748898e-06,3.78956e-06,0.006558647312278526,0.006558647312278526
3,70449028,72529329,0.00024678,7.2093e-05,7.534386724881944e-07,2.877661519246418e-06,2.35387e-15,0.14582172788725942,0.14582172788725942
3,72529329,74321817,-1.496e-06,5.7866e-05,-3.1825372807861204e-06,2.8952687690923517e-06,0.00014847,0.31295805345174293,0.3859630960813605
3,74321817,75704949,0.00021701,7.0539e-05,-2.61744254403897e-07,1.2398595702748017e-06,1.36471e-05,0.31295805345174293,inf
3,75704949,77508835,0.00011818,6.5113e-05,-7.666623105465585e-07,1.2387440528428404e-06,1.98423e-05,0.5020101500078875,inf
3,77508835,79024541,0.00022976,7.1209e-05,8.997001632155993e-06,7.314947147306606e-07,1.13371e-07,1.5166253114808234e-06,inf
3,79024541,81427310,0.00025501,7.2517e-05,1.3056921340075157e-05,9.534354042797253e-07,8.82868e-05,1.5166253114808234e-06,inf
3,81427310,82643886,0.0002201,6.6086e-05,-2.0559289607595646e-07,5.51528264032783e-07,1.08112e-06,0.4916906893706645,inf
3,82643886,84367479,0.00046367,8.2455e-05,-3.867268848472784e-07,5.973919743028458e-07,1.51481e-08,0.4916906893706645,inf
3,84367479,85582231,0.00322,0.00016425,-3.6050333941276193e-07,6.522237613616096e-07,7.53951e-25,0.6403211577564507,inf
3,85582231,87409732,0.0023842,0.00014531,6.305752778135662e-07,2.105283670938291e-06,3.72903e-25,0.0331833224829409,0.17795648491434907
3,87409732,88298373,0.0004683,7.5368e-05,1.0743505793181916e-05,2.6983500656876585e-06,1.0909e-05,0.0012293178446944114,0.0012293178446944114
3,88298373,94255316,0.0004863,8.3553e-05,-4.904848204075858e-06,3.442553386083083e-06,1.62997e-05,0.4364125162990008,0.4364125162990008
3,94255316,95311971,6.411e-05,5.3737e-05,-3.433460552773425e-07,9.383968971323563e-07,0.000233717,0.487265292442737,inf
3,95311971,98215950,1.7429e-05,5.9071e-05,6.362042955990681e-06,5.054056933479715e-06,9.59431e-05,0.02178206734627651,0.02178206734627651
3,98215950,99373762,0.00095601,0.00010199,5.557246071562954e-06,3.3787595179015088e-06,2.1096e-08,0.011731808103116585,0.011731808103116585
3,99373762,100592217,0.00077188,9.2735e-05,3.5787844194020597e-06,4.34539430007101e-06,1.3696e-06,0.06124769900973376,0.07539267177308638
3,100592217,103084960,0.00015802,6.7353e-05,7.847586861073082e-06,4.546077218576158e-06,1.55214e-05,0.015755936784814985,0.049578770602017916
3,103084960,104581613,0.00012456,6.5477e-05,9.185937558736715e-07,9.068245997093884e-07,0.000270759,0.015755936784814985,inf
3,104581613,106982811,7.1293e-05,6.2374e-05,-1.2694087479650128e-07,1.875855652185307e-06,4.50873e-08,0.2711360774521269,0.2989933213661776
3,106982811,109522395,7.7568e-05,6.2748e-05,-1.3472645633401541e-06,5.0573931810360605e-06,1.34105e-05,0.033705446718218304,0.033705446718218304
3,109522395,110513770,0.00013075,5.8879e-05,9.248141349680063e-07,5.564885438421196e-07,0.00150291,0.06719499152168742,inf
3,110513770,112815699,5.3049e-05,6.1275e-05,1.4483202848447727e-06,6.333908445367209e-06,5.22807e-05,0.0739235451217641,0.0739235451217641
3,112815699,113947863,0.00011168,6.474e-05,-5.783280711702902e-06,5.781426658047727e-06,2.27799e-05,0.1512616542474058,0.1512616542474058
3,113947863,115447080,4.3668e-05,6.0703e-05,-1.0107811164076691e-06,2.140960335280754e-06,5.83463e-05,0.3455967827754869,0.48597117942026646
3,115447080,116800153,3.5927e-05,6.0226e-05,1.7708994991349569e-07,1.0061772089227038e-06,8.89155e-05,0.1371801138623347,inf
3,116800153,118530251,0.00022243,7.0824e-05,8.186499681871789e-08,1.317448693720766e-06,7.35928e-08,0.1371801138623347,inf
3,118530251,120523055,0.00011574,6.4974e-05,7.088008796283393e-06,6.591207463346406e-06,1.89349e-05,0.004402718791049103,0.004402718791049103
3,120523055,121974097,0.00023126,6.9911e-05,-6.135321246489812e-07,5.599055802922296e-06,0.000935485,0.05393136752084913,0.13461441781000735
3,121974097,123517768,-2.1838e-05,5.6542e-05,4.325400095600362e-06,5.863826805345555e-06,4.01639e-05,0.005124176903032252,0.005124176903032252
3,123517768,124936642,0.00011545,6.4957e-05,-2.4951951021104926e-06,3.990928772865171e-06,1.3778e-11,0.031034965064973906,0.031034965064973906
3,124936642,126214943,0.00027093,7.333e-05,1.0243207297086015e-05,4.358905349017895e-06,3.33609e-05,0.011184073908218203,0.011184073908218203
3,126214943,128194861,4.4377e-05,6.0746e-05,9.667654217764442e-06,5.604105827269258e-06,3.63776e-07,0.01211235825274364,0.01211235825274364
3,128194861,130244735,0.00025695,7.2617e-05,-5.951352564977514e-06,6.876501396395264e-06,2.22441e-07,0.025798369481492573,0.025798369481492573
3,130244735,131836516,0.00036447,7.7935e-05,-4.5087365350815724e-06,4.020255990654972e-06,5.00388e-10,0.11123099379026108,0.5077253466117828
3,131836516,133252173,0.00012149,6.5302e-05,-4.250685422276753e-06,4.075255071779609e-06,3.86632e-06,0.11123099379026108,0.23952851400881092
3,133252173,135456906,0.00021939,7.0664e-05,-2.6257871414608733e-06,4.9019624840549315e-06,4.38838e-14,0.11006746840782719,0.11006746840782719
3,135456906,137371083,0.0013141,0.00011466,2.5601557411883216e-06,3.700764090334746e-06,5.51729e-19,0.04898255180997517,0.04898255180997517
3,137371083,139954597,4.8353e-05,6.0989e-05,-9.0596629400311e-06,6.171462278606498e-06,2.08831e-06,0.08832566487152053,0.08832566487152053
3,139954597,141339097,7.7318e-05,6.2733e-05,7.760940774719552e-06,3.4872421144677616e-06,2.70227e-05,0.003724642013025542,0.003724642013025542
3,141339097,143164628,8.5496e-05,6.3216e-05,-8.101495181294832e-06,5.184225405649786e-06,6.11214e-07,0.22318797634976068,0.22318797634976068
3,143164628,144410816,0.00014105,6.6408e-05,7.590288894067543e-07,1.4907997315623422e-06,3.36864e-05,0.10781800626913436,inf
3,144410816,145664619,5.6266e-05,6.1471e-05,1.5828885673376397e-06,1.218199365117192e-06,0.000869908,0.10781800626913436,inf
3,145664619,146726629,0.00010992,6.4639e-05,5.09618625960123e-06,2.8780160261439936e-06,0.000235287,0.01573823571590286,0.01573823571590286
3,146726629,149043237,1.5129e-05,5.8926e-05,1.2193510528313126e-05,4.17139126830666e-06,9.47944e-05,0.0005124006276545766,0.0005124006276545766
3,149043237,150252004,0.00016515,6.7746e-05,6.227475504010131e-06,4.130521556163682e-06,1.27442e-15,0.01353731622575366,0.01353731622575366
3,150252004,151348730,8.0406e-05,6.2916e-05,9.972342618892559e-07,5.029279634275554e-06,1.94109e-05,0.007833187223805185,0.007833187223805185
3,151348730,153256571,9.2738e-05,6.3642e-05,-1.973541427474592e-06,3.3989240176770757e-06,8.2445e-09,0.14039360139677048,0.14039360139677048
3,153256571,154714218,0.00014704,6.6743e-05,6.272108886820037e-06,2.558269555316395e-06,1.98606e-07,0.009786541777899335,0.009786541777899335
3,154714218,156008700,0.00017809,6.8454e-05,-1.6974332069356377e-06,3.1029563402841294e-06,0.000881571,0.305027449483475,0.305027449483475
3,156008700,157312028,0.00033626,7.6576e-05,-3.207373150215012e-08,3.57015686856343e-06,5.77012e-07,0.09505689452908393,0.09505689452908393
3,157312028,159477890,8.1764e-05,6.2996e-05,-5.631570301679977e-06,4.301510225853981e-06,2.54475e-05,0.322453257706656,0.322453257706656
3,159477890,161524504,0.0002794,7.3759e-05,5.084928730424708e-06,4.795112068956511e-06,1.00874e-05,0.022632396395608878,0.022632396395608878
3,161524504,163253205,0.00010471,6.4285e-05,5.392067291063992e-08,1.1583586573006597e-06,0.000517388,0.29385335062902274,inf
3,163253205,165055469,0.00013931,6.6206e-05,-4.809176784177639e-07,1.4832807135787493e-06,7.90383e-05,0.29385335062902274,inf
3,165055469,167117429,0.00010322,6.4252e-05,-2.341613627597686e-06,2.119861190856946e-06,6.02205e-05,0.6594786262697642,0.6594786262697642
3,167117429,168580960,0.00015837,6.7372e-05,-3.243557212276808e-06,3.1488678360686247e-06,3.95186e-05,0.38046965996382476,0.38046965996382476
3,168580960,170964909,0.00010021,6.4077e-05,5.632412377378247e-06,5.6941636635533485e-06,9.38814e-08,0.011953322994896817,0.011953322994896817
3,170964909,172295731,0.00013968,6.6331e-05,1.5081074592611035e-06,3.274845124030517e-06,1.63653e-07,0.06306902581248763,0.06306902581248763
3,172295731,173477285,7.4008e-05,6.2536e-05,-3.2983638741336994e-07,2.5281805928197476e-06,7.76239e-05,0.1533577520436802,0.1533577520436802
3,173477285,175116539,5.7208e-05,6.1528e-05,-5.114310353365928e-07,1.2704964131513535e-06,2.69532e-05,0.251490237890292,inf
3,175116539,176320287,0.00011573,6.4973e-05,1.3151393489768466e-06,7.491070739743574e-07,0.000310609,0.02407325689627571,inf
3,176320287,178107165,9.5323e-05,6.3793e-05,2.6593234756605856e-06,1.3156260220865247e-06,1.03944e-06,0.02407325689627571,inf
3,178107165,179374586,0.00017698,6.8393e-05,-4.929004153870259e-06,4.26128576271152e-06,7.93784e-06,0.1633540502718145,0.1633540502718145
3,179374586,181511166,9.764e-05,6.3928e-05,1.2344327837727028e-06,3.584609586049475e-06,0.000105976,0.07330191008669514,0.07330191008669514
3,181511166,183769683,6.0409e-05,6.1721e-05,3.0855875054153244e-06,5.224543017788468e-06,6.63618e-07,0.018159613312533338,0.018159613312533338
3,183769683,185068255,6.4499e-05,6.1967e-05,-1.2134069575801318e-06,6.699927567903298e-06,1.06072e-12,0.03330512899785402,0.03330512899785402
3,185068255,186890344,5.1233e-05,6.1165e-05,7.211989131707956e-06,6.212440830040697e-06,8.36624e-21,0.013985418391526084,0.013985418391526084
3,186890344,188856214,1.001e-05,5.8602e-05,-4.762201891659811e-06,3.6379524563171914e-06,0.000279065,0.3309089083999722,0.3309089083999722
3,188856214,190226607,-1.2082e-05,5.7181e-05,-1.147120521482553e-06,3.264973911434441e-06,2.17888e-07,0.13250710683929956,0.33701218813463957
3,190226607,192343814,3.1325e-05,5.9941e-05,-2.1486246587276643e-06,3.4897477441888348e-06,0.000147317,0.13250710683929956,0.24790061400118163
3,192343814,194059671,8.107e-05,6.2955e-05,-1.0746376680015146e-07,3.726873546321911e-06,4.26699e-06,0.0905358672193705,0.0905358672193705
3,194059671,194786674,2.3419e-05,5.9448e-05,-4.9989089691579745e-06,3.5602619781213777e-06,3.67631e-05,0.21680041340463788,0.3825348669242926
3,194786674,195971408,0.00023383,7.1421e-05,2.442052200420298e-05,4.387441175729715e-06,8.17054e-06,0.0002065623102737434,0.0002065623102737434
3,195971408,197075987,0.00023226,7.1339e-05,-8.297401478212233e-09,5.8534507048693995e-06,3.22725e-07,0.09356142155891352,0.12574056329750555
3,197075987,197946622,0.00011014,6.18e-05,1.8172259987428333e-06,3.7934674114872576e-06,8.64982e-05,0.030859803950124963,0.030859803950124963
4,10240,694715,8.6712e-05,4.4223e-05,2.1671751129681694e-07,3.896990892817578e-06,1.13684e-05,0.041223494030001896,0.15961517210472617
4,694715,1478711,0.0011887,0.00011051,2.0407892213377916e-05,5.1933969790906125e-06,8.57404e-11,0.002156480648781339,0.002156480648781339
4,1478711,2842979,0.00015164,6.6999e-05,1.4113320101827943e-05,5.854985243116018e-06,5.73088e-05,8.835828504167375e-05,8.835828504167375e-05
4,2842979,3846040,0.00040003,7.9616e-05,-1.3354491669339125e-06,4.5973298575667855e-06,2.97888e-09,0.04929104217775744,0.1264925044729113
4,3846040,4684116,0.00010077,6.411e-05,3.3191500966210748e-06,3.5699393161298093e-06,5.05172e-05,0.04929104217775744,0.10956271398813008
4,4684116,5502388,7.7494e-05,6.2743e-05,4.248890194934262e-06,2.4433357641007843e-06,5.88386e-10,0.03987604974498127,0.03987604974498127
4,5502388,6773043,-1.1087e-05,5.7246e-05,8.026741969671457e-06,4.942939055802164e-06,0.000145741,0.031163200277108078,0.031163200277108078
4,6773043,7539692,9.0745e-05,6.3525e-05,-8.30216035576269e-07,3.3476855397412948e-06,2.74389e-05,0.05448909353930654,0.34673704137618244
4,7539692,8152235,2.8184e-06,5.8143e-05,1.4334444013672668e-05,2.0788683774438123e-06,2.9687e-05,0.0005197111182222408,0.0005197111182222408
4,8152235,9326479,0.00019671,6.9459e-05,-6.50511218376345e-07,3.7299090459793888e-06,1.26827e-10,0.12507960007771338,0.12507960007771338
4,9326479,10699152,0.00047601,8.0674e-05,2.580785012115083e-06,3.242729398472952e-06,3.02661e-06,0.025575619227536605,0.025575619227536605
4,10699152,12323034,1.2072e-05,5.8733e-05,4.008103085356151e-08,1.6072972739165365e-06,0.000369377,0.12351516983451506,inf
4,12323034,14272001,0.00017822,6.8461e-05,5.613433812242297e-06,2.4312709148271942e-06,5.1663e-11,0.004736988133201048,0.4579112229823916
4,14272001,15147446,0.00019564,6.9402e-05,1.1552230726441281e-06,1.3251648718583728e-06,3.81343e-05,0.004736988133201048,inf
4,15147446,15927009,7.693e-05,6.0801e-05,-1.6574708508012052e-06,3.6351880095946887e-06,5.9401e-05,0.08320068471841141,0.08320068471841141
4,15927009,17383322,1.8649e-05,5.9148e-05,-2.5357103302026934e-06,3.0751910115093712e-06,3.64797e-05,0.28752578760422554,0.28752578760422554
4,17383322,18841874,6.8298e-05,6.2195e-05,1.165617266011696e-06,3.6868062128476696e-06,1.52052e-05,0.01692840972346216,0.17941056895768326
4,18841874,20544557,0.00017962,6.8536e-05,4.2558012134093414e-07,1.442958616908468e-06,5.74603e-05,0.01692840972346216,inf
4,20544557,22319347,3.9573e-05,6.0451e-05,1.5241225351990388e-06,2.08026831935963e-06,6.03424e-05,0.0010528472042480059,0.7162499064016951
4,22319347,24135529,-6.1177e-06,5.7568e-05,5.587804773414156e-06,1.6457758380980729e-06,4.31611e-05,0.0010528472042480059,inf
4,24135529,25609322,0.00048677,8.3575e-05,-4.0213700523472656e-07,4.085555608099103e-06,1.11626e-26,0.0668264132800686,0.0668264132800686
4,25609322,27343722,0.00014791,6.6792e-05,-4.385883820012075e-06,3.4456926672311893e-06,1.13735e-08,0.3013068876323637,0.4667772195720927
4,27343722,27965868,0.00010477,5.9761e-05,2.580550634890164e-08,5.335370001964378e-07,2.9723e-05,0.3013068876323637,inf
4,27965868,29762208,7.5697e-05,6.2637e-05,-2.1588568893520303e-08,3.803715934069597e-08,3.87783e-05,0.6568752723914463,inf
4,29762208,30454535,0.00017402,5.8256e-05,-1.458223083245776e-07,2.5692607993273963e-07,0.000355153,0.6568752723914463,inf
4,30454535,31782981,0.00030149,7.4866e-05,-2.798057308245263e-07,4.929930844562299e-07,8.43048e-12,0.6568752723914463,inf
4,31782981,33172766,2.4873e-05,5.9539e-05,-2.927253404458776e-07,5.157563001288735e-07,0.00173205,0.6568752723914463,inf
4,33172766,35151415,9.4079e-05,6.3502e-05,-6.777359736201503e-07,8.797264038008478e-07,0.00106506,0.6568752723914463,inf
4,35151415,36020436,0.00019819,6.833e-05,-3.2176911024945444e-07,4.6269435177601117e-07,4.75067e-05,0.8977267675494798,inf
4,36020436,37255047,0.00011239,6.4781e-05,-1.5934772254942807e-06,1.7445507510673393e-06,0.000392612,0.7290141909211825,0.7479941981991403
4,37255047,38907022,6.7938e-05,6.2174e-05,2.0518838440216765e-06,4.115298442024243e-06,2.35216e-05,0.04738692971303161,0.0632416801270452
4,38907022,40202609,3.8569e-05,6.0389e-05,1.977138239886075e-05,4.845155970259981e-06,5.13876e-05,0.003543709403471933,0.003543709403471933
4,40202609,42213058,9.0411e-05,6.3505e-05,-7.93315036442044e-08,4.738853454751289e-06,5.65712e-05,0.04040711420794494,0.04040711420794494
4,42213058,43965045,8.975e-05,6.3467e-05,2.2988603322032128e-07,2.5778681066071694e-06,3.92013e-05,0.11374024752026311,0.11374024752026311
4,43965045,45189157,0.00022882,7.1159e-05,-1.2277494262135654e-07,2.428928034609899e-06,7.18477e-11,0.17614239169152401,0.2201253423237261
4,45189157,47411896,0.00017796,6.8446e-05,3.0705870093118035e-06,2.9684944931362947e-06,6.38402e-06,0.04721514437413631,0.04721514437413631
4,47411896,48123600,9.6176e-05,5.6284e-05,4.646782078056015e-06,3.4507713886242663e-06,0.000912422,0.028910595286308804,0.028910595286308804
4,48123600,53877433,0.00036806,7.8107e-05,7.402498711436742e-06,5.370579250980146e-06,1.06144e-05,0.01614153231816626,0.01614153231816626
4,53877433,55429556,0.00017073,6.8052e-05,2.9981402327300954e-06,3.4899803250919045e-06,4.70407e-12,0.06527409572735993,0.06527409572735993
4,55429556,56547644,0.00037792,7.8575e-05,-2.699758332265455e-06,3.497369599057533e-06,1.14622e-08,0.15034097840789204,0.5246728020655167
4,56547644,58935008,0.00013433,6.603e-05,-1.1799010330983945e-06,5.428332096148092e-06,5.20095e-14,0.06550485703739448,0.06550485703739448
4,58935008,60741087,0.00012264,6.5368e-05,-6.899307382602325e-07,8.204957690118125e-07,1.29341e-05,0.8028516094407403,inf
4,60741087,62371763,0.00016072,6.7502e-05,-4.2579944049023424e-07,6.421991452047025e-07,1.30562e-05,0.8028516094407403,inf
4,62371763,64341001,1.5361e-05,5.8941e-05,-6.413564080444182e-07,6.866094666286466e-07,6.5867e-05,0.8028516094407403,inf
4,64341001,66600492,0.00028261,7.3921e-05,-9.085899471194571e-07,1.3016621878211687e-06,6.1367e-08,0.40029354683625673,inf
4,66600492,68059497,0.00019419,6.9324e-05,-7.726463379981557e-07,1.1751961356381835e-06,9.59396e-07,0.40029354683625673,inf
4,68059497,68854765,0.00032724,7.0944e-05,5.6325024143559516e-06,3.113252430812465e-06,2.05385e-05,0.024330187881648358,0.024330187881648358
4,68854765,71049152,4.9489e-05,6.1059e-05,4.3257402611096736e-07,6.620457993853544e-06,0.000244425,0.013995370235384516,0.013995370235384516
4,71049152,72140558,9.6587e-05,5.9248e-05,-3.2767733901383365e-06,5.87570817792367e-06,8.46292e-05,0.056479319044652414,0.056479319044652414
4,72140558,74592390,0.00075319,9.4704e-05,4.3498689765174966e-05,4.4911614832017484e-06,4.06971e-45,5.964106302601387e-09,5.964106302601387e-09
4,74592390,77130707,4.5337e-05,6.0805e-05,6.115280789861932e-07,7.712298470617015e-06,5.35863e-05,0.0071712585630159574,0.0071712585630159574
4,77130707,79093979,4.1582e-05,6.0575e-05,9.591627671572666e-06,4.767912102469486e-06,7.36438e-05,0.018065056212084273,0.018065056212084273
4,79093979,80990297,0.00015666,6.7278e-05,-2.466670935210081e-06,3.6415353245788924e-06,3.05291e-05,0.18412842745721408,0.18412842745721408
4,80990297,82125315,0.00051469,7.9261e-05,-2.556204656222797e-06,2.90050126156077e-06,2.44575e-05,0.20600322924269143,0.29639786668554713
4,82125315,83372593,0.00017739,6.8416e-05,-3.5778162748925644e-07,2.7094205907466437e-06,2.47916e-11,0.05306960631413721,0.18349044310536083
4,83372593,84799656,9.7683e-05,6.393e-05,1.0864590498623885e-05,5.150782216395458e-06,0.000251833,0.0012081473552357617,0.0012081473552357617
4,84799656,86930609,5.0752e-05,6.1136e-05,-9.855180372823729e-07,2.912218148748442e-06,2.36428e-05,0.1585244287222624,0.1585244287222624
4,86930609,87534648,0.00023802,5.5938e-05,-8.180596525012002e-07,1.5469366264151658e-06,7.01731e-10,0.45653191727641873,0.45653191727641873
4,87534648,89238028,0.00041509,8.0317e-05,7.429955622616912e-06,6.494614848825322e-06,2.13741e-11,0.02703738100981475,0.02703738100981475
4,89238028,90231564,0.00034376,7.6939e-05,8.975797307692724e-07,3.55588189745341e-06,2.45054e-13,0.06401572589690507,0.06401572589690507
4,90231564,91560677,0.00023051,7.1248e-05,3.6778028399364385e-06,2.284524820983154e-06,9.78489e-06,0.022415750419901754,0.022415750419901754
4,91560677,94233299,1.0483e-05,5.8632e-05,-1.020518235694299e-06,1.5172433322877575e-06,0.000126477,0.49045768788352373,1.0
4,94233299,96182188,0.00030183,7.4883e-05,-1.4141433660345773e-06,3.2268210297910027e-06,1.15283e-08,0.1040056360773154,0.1040056360773154
4,96182188,97540703,0.00019659,6.9453e-05,-6.378890620509408e-08,1.6641760621982727e-06,2.31484e-05,0.3150024836050597,inf
4,97540703,99424067,0.00031848,7.5706e-05,-1.6647668354000289e-06,2.0401886676107044e-06,0.000527737,0.3375535082399891,0.5191854412186252
4,99424067,100678360,0.00053612,8.5745e-05,4.2975550864296663e-05,5.108146564818344e-06,7.6446e-07,5.004755200617973e-09,5.004755200617973e-09
4,100678360,103221356,3.6886e-05,6.0285e-05,4.192427944869337e-06,4.100283443727336e-06,1.64492e-08,0.00707324764479604,0.17041550038943326
4,103221356,105305294,0.00094984,0.00010214,1.3841381733538248e-05,4.372773167396738e-06,1.593e-11,0.0026797204977974626,0.0026797204977974626
4,105305294,107501305,0.00028938,7.4261e-05,-3.0075120103447837e-06,4.007869100982876e-06,1.04617e-10,0.16825812396333223,0.16825812396333223
4,107501305,108815348,0.00014728,6.6756e-05,1.9835062057965728e-06,2.456170721088977e-06,8.52989e-07,0.11342754101181139,0.11342754101181139
4,108815348,111256567,0.00012507,6.5506e-05,1.450787673913945e-06,5.9055351753447744e-06,1.87372e-08,0.0278127758702787,0.0278127758702787
4,111256567,113870102,0.00023194,7.1322e-05,-6.591142378663058e-06,4.232491951139147e-06,2.76893e-07,0.21629220967180862,0.2870284093094752
4,113870102,115666246,4.8162e-05,6.0978e-05,8.893015088311803e-06,2.781521866035212e-06,3.14656e-06,0.0049769332492105404,0.041953558025602376
4,115666246,117276929,0.00022843,7.1139e-05,-1.7396767861729655e-07,1.4710056332633804e-06,5.76071e-05,0.0049769332492105404,0.9121535876880502
4,117276929,118479918,8.462e-05,6.3165e-05,7.798772128927038e-08,1.0845845959643492e-06,0.000445172,0.29389554202622525,inf
4,118479918,119933512,0.00013079,6.583e-05,1.1882465668069294e-06,3.037304763533267e-06,5.33706e-06,0.09333008000254207,0.17042776779203603
4,119933512,120392684,0.00053497,7.3668e-05,7.655188348838178e-06,2.8973338335121195e-06,8.28342e-12,0.0023943318119455377,0.0023943318119455377
4,120392684,122657987,5.3423e-05,6.1298e-05,-3.2948437120243238e-06,3.760547715406455e-06,2.35276e-10,0.29331819966902406,0.29331819966902406
4,122657987,124286481,0.00084179,9.8125e-05,1.9541332117764955e-05,5.085507055216762e-06,5.86017e-08,0.0008592562916895401,0.0008592562916895401
4,124286481,125210862,0.00012481,6.5013e-05,7.061695185558669e-07,1.2888548474123804e-06,1.63894e-06,0.1485155073900528,inf
4,125210862,126480886,0.00011583,6.4979e-05,-1.0542481187815542e-06,1.187644571815636e-06,5.97861e-07,0.6851247740683152,inf
4,126480886,127275477,7.959e-05,6.1247e-05,-4.501946810787462e-07,7.619459859522882e-07,0.000288344,0.6851247740683152,inf
4,127275477,127830293,0.00037346,7.1119e-05,-4.195923385749213e-07,4.843740925805025e-07,1.57607e-06,0.6851247740683152,inf
4,127830293,128996665,0.0012485,0.00010655,1.0239028093616312e-06,3.3500998140792754e-06,6.00607e-07,0.04679473508226942,0.04679473508226942
4,128996665,130591885,5.8313e-05,6.1595e-05,-5.098662643017763e-07,2.8791636382020694e-06,6.04312e-06,0.254821865705666,0.254821865705666
4,130591885,131283821,0.00081436,9.1771e-05,3.78702280968553e-08,4.717707145370097e-07,1.61584e-06,0.29131751538998024,inf
4,131283821,132954033,2.0176e-05,5.9244e-05,-2.983405606192605e-07,7.301186371707008e-07,7.87632e-05,0.29131751538998024,inf
4,132954033,134628434,0.00014182,6.6451e-05,-6.423122848553405e-07,9.309062946355267e-07,9.74478e-06,0.8471965618389907,inf
4,134628434,136566407,0.00012205,6.5334e-05,-9.023359370249872e-07,1.2765672358131409e-06,3.40487e-06,0.9846665588509668,inf
4,136566407,138541971,5.3963e-05,6.1331e-05,-7.374642531527833e-07,1.2652726188132727e-06,6.08874e-06,0.5940066628585089,inf
4,138541971,139556511,2.1409e-05,5.9322e-05,7.882253355972034e-07,1.4433183798213849e-06,9.26631e-05,0.17280065447700949,0.17280065447700949
4,139556511,141084631,3.0957e-05,5.9918e-05,2.082840830660933e-06,4.280984896655896e-06,5.23424e-09,0.13426283007993522,0.13426283007993522
4,141084631,143443265,3.9462e-05,6.0444e-05,2.7848350801145652e-06,4.074526820711257e-06,1.899e-06,0.05889141586108218,0.05889141586108218
4,143443265,146178187,0.00094934,0.00010213,-4.709740917690512e-06,4.6504555092956535e-06,1.43963e-12,0.13023192109920734,0.13023192109920734
4,146178187,148521873,7.3287e-05,6.2493e-05,2.5833058197921032e-06,4.349015573644016e-06,8.15101e-05,0.02520362556289592,0.02520362556289592
4,148521873,150683580,0.0003382,7.667e-05,-6.52298758553618e-08,2.7607963929742394e-06,4.55696e-08,0.17729328126215754,0.17729328126215754
4,150683580,152782184,0.00023769,7.1622e-05,1.6118321851343997e-06,3.6664072338963223e-06,1.65142e-09,0.0513035532699369,0.0513035532699369
4,152782184,154477641,7.6934e-05,6.271e-05,8.330605775788892e-06,3.924645551476097e-06,7.50003e-06,0.006883169063834208,0.006883169063834208
4,154477641,155056126,0.00034744,7.46e-05,1.6725837584401912e-06,2.572575529377343e-06,0.000121197,0.011500867468424285,0.3593033614027613
4,155056126,157485097,4.4724e-05,6.0767e-05,1.0952166906592045e-06,5.3021633329612335e-06,2.70394e-08,0.04748761077688416,0.04748761077688416
4,157485097,158743718,0.00024205,7.1849e-05,3.753891387178435e-07,2.4998688493367167e-06,2.26384e-08,0.0054693206922842436,0.25058425623454583
4,158743718,161058864,4.4946e-05,6.0781e-05,1.4498775361873242e-05,4.08917972175377e-06,1.7181e-07,0.00020565445117594146,0.09147107311917857
4,161058864,161826435,9.6049e-05,6.3617e-05,3.4663071480784944e-06,4.7506520951236966e-07,0.000170224,0.00020565445117594146,inf
4,161826435,163243679,9.2432e-05,6.3624e-05,3.529825172758347e-07,1.0387749077598453e-06,1.90078e-05,0.22368707718417602,inf
4,163243679,164478234,0.00015182,6.7009e-05,2.0883524613813495e-06,2.89280050202107e-06,6.53962e-06,0.02109395939906237,0.02109395939906237
4,164478234,165823448,3.6765e-05,6.0278e-05,2.5479166987411284e-06,2.0629917209103144e-06,9.85972e-05,0.02887850974859695,0.02887850974859695
4,165823448,167018858,6.9339e-05,6.2258e-05,-9.733119639724874e-07,2.9734005651706746e-06,8.626e-05,0.16837643171320993,0.16837643171320993
4,167018858,167852917,0.0003552,7.177e-05,-6.906483086816049e-07,9.294270324702277e-07,0.000423157,0.5598491679947353,inf
4,167852917,169676825,-9.5482e-06,5.7346e-05,-1.94220883369978e-06,2.815237225554241e-06,0.000254209,0.19939384774320246,0.19939384774320246
4,169676825,170776510,8.8869e-05,6.3415e-05,-7.243593206316804e-07,3.1445213986233405e-06,0.000820947,0.16163685552818552,0.16163685552818552
4,170776510,172558635,0.00029612,7.4598e-05,-7.364287647731175e-07,2.0617652635157632e-06,6.50016e-06,0.0942449881591979,0.3813728050522174
4,172558635,174264132,0.00010654,6.4444e-05,6.443756255152235e-06,2.1552503634509476e-06,0.000187277,0.007392121673355097,0.3543818712742133
4,174264132,176570716,3.9504e-05,6.0447e-05,-2.0215079603621457e-06,3.872213191021842e-06,9.64308e-08,0.007392121673355097,0.1395076019097231
4,176570716,178991910,6.2905e-07,5.8003e-05,6.007297966298261e-07,3.845902929979349e-06,4.93514e-05,0.03757480729541682,0.03757480729541682
4,178991910,180122043,0.00013643,6.6149e-05,0.0,0.0,7.18453e-05,1.0,inf
4,180122043,182066807,5.7996e-06,5.8334e-05,-3.294936453830283e-07,5.557001915278759e-07,0.000119238,0.6878118237013569,inf
4,182066807,183371275,-9.6664e-06,5.7338e-05,-4.390224116907211e-07,7.4042350036208e-07,0.000168938,0.6878118237013569,inf
4,183371275,184929455,7.4309e-05,6.2554e-05,6.321564809021512e-07,3.974518563839746e-06,3.09616e-05,0.06430797549340479,0.06430797549340479
4,184929455,186909090,2.8111e-05,5.9741e-05,8.924420607589224e-06,5.927186060326821e-06,0.000100145,0.0027644703960067614,0.0027644703960067614
4,186909090,188472981,-3.736e-05,5.551e-05,5.952238153279928e-06,3.649332563302469e-06,4.35081e-05,0.004162321693962715,0.004162321693962715
4,188472981,189693511,1.3563e-06,5.8049e-05,-9.694780101275319e-07,1.4893204196900199e-06,3.70466e-05,0.4172456922467379,inf
4,189693511,191043594,8.4632e-05,6.3166e-05,-1.9902986533637324e-06,2.071062336136217e-06,1.46662e-05,0.5657627148363211,0.5657627148363211
5,11940,982252,0.000402,7.5502e-05,1.2460669142867159e-06,5.428798032018231e-06,9.48639e-08,0.033262726718049085,0.033262726718049085
5,982252,2132442,2.6325e-05,5.9629e-05,-1.4742255729354854e-06,4.388579096986272e-06,2.78816e-05,0.02930348785178588,0.10316177850547092
5,2132442,3361941,-9.2179e-06,5.7367e-05,2.7316449312978e-07,2.1017772531651717e-06,0.000497569,0.02930348785178588,0.3436730114330009
5,3361941,4632110,0.00011364,6.4853e-05,-8.34025949223491e-07,1.2638700289137281e-06,2.984e-05,0.5929292862089846,inf
5,4632110,5973233,2.0007e-05,5.9234e-05,3.851233767913852e-08,1.812942644909949e-06,2.18432e-07,0.17373256860896608,0.17373256860896608
5,5973233,7143218,6.8914e-05,6.2232e-05,2.2694131907446114e-06,2.7418512415336905e-06,0.00012615,0.10232197170141284,0.10232197170141284
5,7143218,8446336,1.6515e-05,5.9014e-05,-9.81410382542412e-07,2.7414727051123063e-06,0.000231069,0.1908476800025038,0.1908476800025038
5,8446336,9718832,1.5566e-05,5.8954e-05,2.7856095068239623e-06,1.4055366396848708e-06,0.000691978,0.04769522489432765,inf
5,9718832,11173271,1.9608e-05,5.9208e-05,-1.1032819218610143e-06,3.853706360474296e-06,0.000187335,0.04769522489432765,0.08598619973091158
5,11173271,13464832,-8.6573e-07,5.7907e-05,-3.2367333769842564e-07,1.5814582865795208e-06,0.000399974,0.34813048653902257,inf
5,13464832,14757804,4.4121e-05,6.0731e-05,-8.419987723873629e-08,2.5567145508869016e-06,5.27724e-05,0.10699414642745209,0.10699414642745209
5,14757804,16963613,8.9896e-05,6.3475e-05,1.3577191361554246e-05,3.453446650996508e-06,0.000138116,0.00013299576299585412,0.00013299576299585412
5,16963613,18051592,6.6547e-05,6.209e-05,-6.99956073231592e-07,9.530039204691182e-07,6.16257e-05,0.693150531158268,inf
5,18051592,19917716,-2.5915e-05,5.6273e-05,1.8522031498474652e-07,8.828750733701739e-07,0.000310401,0.1591486725363258,inf
5,19917716,22152073,-1.0137e-05,5.7307e-05,-8.647024035633128e-08,1.0689152181976441e-06,0.000283779,0.1591486725363258,inf
5,22152073,23494324,0.00031955,7.5759e-05,-9.570154822754368e-07,9.66828778100561e-07,2.39903e-05,0.9340150047358995,inf
5,23494324,26184851,3.5292e-05,6.0187e-05,-3.8806711480435834e-07,1.601529847917781e-06,4.19638e-05,0.2919289290279289,0.2919289290279289
5,26184851,26857604,0.00026356,6.4957e-05,-2.1098274278787024e-08,2.8799170287427555e-07,0.000394943,0.34375026649129325,inf
5,26857604,27984513,7.0953e-05,6.2354e-05,-3.534110612547786e-08,4.824065324039387e-07,7.84042e-06,0.34375026649129325,inf
5,27984513,29714820,4.0628e-05,6.0516e-05,-1.1170184110607844e-07,6.175090156033144e-07,0.000391316,0.34375026649129325,inf
5,29714820,31390249,-1.6128e-05,5.6917e-05,9.843265851185145e-07,1.0917326600101948e-06,0.000364319,0.006677362881294818,inf
5,31390249,33500180,8.5604e-05,6.3223e-05,4.769736506819795e-06,4.145891213035221e-06,7.34009e-08,0.006677362881294818,0.09066101190653966
5,33500180,35048970,5.9883e-05,6.1689e-05,-6.875233219305776e-06,4.645683473454058e-06,1.81631e-06,0.26362252213632353,0.26362252213632353
5,35048970,36433954,6.598e-05,6.2056e-05,-4.643970743784481e-06,4.505114926083393e-06,9.83558e-05,0.2414422912457913,0.2414422912457913
5,36433954,38802410,0.0001828,6.8709e-05,-2.33498377265712e-06,4.09236546450091e-06,2.53806e-08,0.05273505902026115,0.05273505902026115
5,38802410,40287729,0.00016506,6.7741e-05,4.976996024876791e-06,3.0539632361135206e-06,8.87786e-07,0.04245639625631961,0.04245639625631961
5,40287729,41888710,0.0001276,6.565e-05,-8.440214705405399e-07,4.4538646376399005e-06,2.77143e-07,0.0415930871120307,0.0415930871120307
5,41888710,43983499,0.0020231,0.00013574,1.889948738046336e-08,5.0058629472082585e-06,1.62203e-11,0.03315680056863533,0.22058541269866147
5,43983499,50163398,0.0001884,6.8962e-05,6.424067671934618e-06,2.9841154938553154e-06,1.41871e-05,0.021968109723029355,0.021968109723029355
5,50163398,52134622,7.2514e-05,6.2447e-05,-7.189910023100439e-07,2.1158966085819857e-06,3.13136e-05,0.0963309014203775,0.5211874004954693
5,52134622,53703044,0.00065376,9.071e-05,1.5729571065284762e-06,3.596998403308424e-06,8.8094e-35,0.0963309014203775,0.12461601230619741
5,53703044,55417349,3.101e-05,5.9921e-05,8.189833115001363e-06,5.606389951448345e-06,0.000253751,0.01954748972759364,0.01954748972759364
5,55417349,56621102,0.00036387,7.7907e-05,-1.0059012962546982e-06,3.0104129147186575e-06,8.26681e-27,0.27971573392672366,0.27971573392672366
5,56621102,57340073,0.00014082,6.0264e-05,-1.7253938034478175e-08,1.455575921242764e-06,0.000219739,0.2856376196377373,0.2856376196377373
5,57340073,58524622,8.0645e-05,6.293e-05,1.5927920105591913e-06,2.3600994300962538e-06,7.11464e-05,0.042619935667322244,0.042619935667322244
5,58524622,60935907,0.00013956,6.6324e-05,-1.0822337082428681e-06,3.7884873408206517e-06,6.42525e-07,0.03489843652312044,0.03489843652312044
5,60935907,61672995,0.00014514,5.9199e-05,-8.724275937373714e-07,1.3099619502173194e-06,7.80542e-05,0.809458029480364,inf
5,61672995,63218987,0.00017497,6.8284e-05,1.480129995308392e-06,2.7214322636200664e-06,1.35326e-05,0.016266283199779547,0.4294404707199473
5,63218987,63968304,0.0012563,0.00010538,-1.0959843412499666e-06,2.1486844685449664e-06,4.47972e-10,0.016266283199779547,0.7046422293762747
5,63968304,65911286,0.00049959,8.4144e-05,-3.1184289825679936e-06,5.041032166853881e-06,1.14712e-20,0.10527899829385669,0.10527899829385669
5,65911286,67850860,0.0002002,6.9646e-05,5.476885903039049e-06,2.117995034053404e-06,4.941e-08,0.005608405158257727,0.005608405158257727
5,67850860,71240456,0.0003212,7.584e-05,5.950852298791279e-06,5.992401601925649e-06,1.72045e-08,0.002883247447161062,0.002883247447161062
5,71240456,73759326,5.5011e-05,6.1395e-05,-8.573338119556893e-06,5.223934334626291e-06,6.39464e-10,0.12500375779258827,0.12500375779258827
5,73759326,75798866,0.00022756,7.1094e-05,6.581224647593018e-07,5.07366368602042e-06,9.572120000000001e-19,0.008765240589577422,0.17308238002181991
5,75798866,77623332,5.868e-05,6.1617e-05,5.5191856063151235e-06,5.0096881930769025e-06,0.000116294,0.008765240589577422,0.012085366377145653
5,77623332,79393144,0.00012478,6.549e-05,-1.4962702655223555e-06,4.846136888621303e-06,4.10733e-16,0.04584405169358807,0.04584405169358807
5,79393144,80481471,2.5948e-05,5.9606e-05,-4.328422279895666e-06,3.803472662574066e-06,2.6358e-06,0.22012123075875767,0.22012123075875767
5,80481471,82025648,6.5988e-05,6.2057e-05,4.969947220888169e-06,3.7297950236122135e-06,4.6224e-06,0.03794278937227754,0.03794278937227754
5,82025648,83972689,0.00021882,7.0635e-05,-4.261868713215183e-06,2.913170668381108e-06,1.07485e-41,0.7465628488416478,0.7465628488416478
5,83972689,85767290,4.9835e-05,6.108e-05,-1.0695888862675957e-06,1.2269434701497658e-06,0.00018531,0.663424332580554,inf
5,85767290,87389991,0.00059022,8.8063e-05,4.119229767262571e-06,2.1489936420775295e-06,1.34258e-07,0.016164444926459076,0.016164444926459076
5,87389991,88891530,0.0029226,0.00015714,1.8903638536632732e-07,1.6704680682912156e-06,6.48634e-16,0.18185259570537893,inf
5,88891530,90422654,7.6881e-05,6.2707e-05,-1.4468274739907478e-06,3.2014004264416714e-06,6.07074e-06,0.11809213000738669,0.11809213000738669
5,90422654,91840542,6.1202e-05,6.1769e-05,-9.190455279235169e-07,1.4170737726141665e-06,0.000129908,0.7735256051436701,inf
5,91840542,93809984,0.00013238,6.592e-05,-8.955866294539672e-07,2.3705035643099804e-06,5.14601e-05,0.16707149467357346,0.16707149467357346
5,93809984,95963519,0.00020433,6.9866e-05,1.174582536280563e-05,5.0254909545902e-06,5.36679e-11,0.0011964972095389378,0.0011964972095389378
5,95963519,97315601,0.00018072,6.8597e-05,3.02545981314545e-06,3.282740441491651e-06,0.00164902,0.04319394021459612,0.11834947430872872
5,97315601,99260992,0.00011252,6.4789e-05,2.0866085666411857e-06,2.045339242713356e-06,3.12622e-05,0.04319394021459612,0.6718035506554687
5,99260992,101578769,5.0454e-05,6.1118e-05,-2.1953860081495312e-06,2.2126651769243365e-06,0.000450952,0.5623028231487444,0.5623028231487444
5,101578769,103320005,0.00029359,7.4472e-05,4.936909761919486e-07,3.230306704469755e-06,1.02223e-08,0.030890107664213413,0.030890107664213413
5,103320005,104851483,0.00011193,6.4755e-05,-6.764107381304197e-07,1.0317990304485676e-06,0.000356665,0.7871717950674575,inf
5,104851483,105893055,0.00028322,7.1323e-05,2.758013990648665e-06,6.390180151179779e-07,5.61089e-06,0.007583512008576141,inf
5,105893055,107264196,0.00033479,7.6504e-05,3.7952593921996914e-06,8.21503460948629e-07,4.31782e-10,0.007583512008576141,inf
5,107264196,108633934,0.0013309,0.00011517,3.969279227578114e-06,1.917055166749584e-06,5.4089e-20,0.03535939042835191,0.1755993229376056
5,108633934,110821144,0.00011455,6.4906e-05,5.559527916152446e-06,3.660638057626118e-06,1.14209e-05,0.03535939042835191,0.09948448889477068
5,110821144,111981562,0.00030369,7.4975e-05,1.3833040872085866e-06,2.377791420830709e-06,4.40789e-06,0.07711712032464842,0.07711712032464842
5,111981562,113396285,0.00013877,6.628e-05,-1.7161698764857566e-06,3.888580301889031e-06,7.4229e-07,0.09381758483125424,0.13664439686926677
5,113396285,114830370,0.00033184,7.636e-05,4.5337417769714104e-07,2.9130194301725096e-06,1.3863e-07,0.09381758483125424,0.2465628593734032
5,114830370,115831047,0.0005151,8.4827e-05,-1.2552560090125863e-06,4.11072608836315e-06,8.13697e-08,0.06839074920284056,0.06839074920284056
5,115831047,117346213,1.6702e-05,5.9025e-05,1.3822859083941204e-07,1.3479591549500333e-06,6.77753e-05,0.04620375018180899,inf
5,117346213,118608820,0.00013312,6.5962e-05,3.3734014763241197e-06,1.8278392705062977e-06,4.34069e-05,0.04620375018180899,0.1745713305257286
5,118608820,119669042,0.00017144,6.804e-05,2.943412196467036e-07,1.8927776495782292e-06,9.06607e-05,0.1477570873974227,0.5056119863509922
5,119669042,120452166,1.9323e-05,5.2687e-05,-1.7558022674828787e-07,9.727067768892728e-07,0.000113555,0.3881515539875886,inf
5,120452166,122556905,4.3308e-05,6.0681e-05,-1.8984997413133509e-06,4.2028257550439925e-06,2.32117e-05,0.1621524383117624,0.1621524383117624
5,122556905,123798100,0.00037536,7.8454e-05,-6.170629355996611e-07,2.082411478794938e-06,1.73341e-11,0.3019487110586509,0.3019487110586509
5,123798100,125785649,7.853e-05,6.2805e-05,-1.5187097596258742e-06,1.7488603387735626e-06,1.60674e-06,0.5945693292470128,inf
5,125785649,127344604,0.00015727,6.7312e-05,-1.018668925925599e-06,4.320454105565782e-06,3.26959e-06,0.1002374741618099,0.1002374741618099
5,127344604,129519025,0.00036647,7.8031e-05,3.0520603070563356e-05,3.4143561544768955e-06,7.33947e-16,1.2226776069071287e-06,1.2226776069071287e-06
5,129519025,132139649,0.00021044,7.0191e-05,-9.624822589515954e-06,6.483490072049916e-06,5.89528e-06,0.13975596680048316,0.2165661165811583
5,132139649,134777401,0.00010671,6.4454e-05,1.6247855696889067e-05,7.539862276847167e-06,8.09753e-11,0.003000466005424682,0.003000466005424682
5,134777401,136376050,4.0684e-05,6.0519e-05,4.6377357441113277e-07,4.172158564522982e-06,0.000114388,0.11503447825167201,0.11503447825167201
5,136376050,139265072,0.00036833,7.8119e-05,1.8686095307469037e-06,8.145462525353108e-06,6.84537e-12,0.03762235999722779,0.054028419117712244
5,139265072,140645971,0.000569,8.3578e-05,3.147807662913876e-05,1.0637213671359707e-05,1.77371e-07,0.0010137064411880467,0.0010137064411880467
5,140645971,142981248,0.00017223,6.8134e-05,1.961651403003197e-05,8.851547007828653e-06,5.16517e-11,0.006457105656351492,0.006457105656351492
5,142981248,144943354,9.0003e-05,6.3481e-05,1.663301662139672e-06,2.674142888899372e-06,1.0966e-05,0.07136280058349025,0.07136280058349025
5,144943354,147181998,9.8022e-06,5.8589e-05,1.1651167558921242e-05,4.8188505022359156e-06,0.000121509,0.001218692420160149,0.001218692420160149
5,147181998,148662624,0.00012283,6.5379e-05,6.453204357804071e-06,5.054723345062186e-06,4.3066e-07,0.016694811301951544,0.016694811301951544
5,148662624,150561298,8.1771e-05,6.2997e-05,1.71513316046281e-05,7.64305736322222e-06,1.0643e-06,0.005088594040228476,0.005088594040228476
5,150561298,152867774,0.00013035,6.5806e-05,-3.837943129887439e-06,4.719479723004324e-06,3.47585e-05,0.20852870505614238,0.20852870505614238
5,152867774,153773088,0.00013311,6.538e-05,3.654584459577977e-07,2.568660700966689e-06,8.43075e-05,0.18841219848702037,0.18841219848702037
5,153773088,155373505,3.2015e-05,5.9984e-05,-5.457519619496338e-06,4.002730200816799e-06,0.000129475,0.34537648905398033,0.34537648905398033
5,155373505,156628700,0.00011193,6.4755e-05,2.6572278864889153e-07,3.3734693347826118e-06,0.000218769,0.056603035904583966,0.056603035904583966
5,156628700,158825698,0.00024344,7.192e-05,-5.737253658357789e-06,5.102372856292452e-06,1.06378e-08,0.2542971131203187,0.2542971131203187
5,158825698,159973944,0.00010458,6.4331e-05,-2.3349553799795594e-06,4.358106469499928e-06,6.80571e-09,0.19117240452751033,0.19117240452751033
5,159973944,161482133,0.00023402,7.1431e-05,-3.22935525149626e-06,2.8771880044189775e-06,1.59885e-05,0.41170089965614376,0.5870816567650139
5,161482133,162743908,5.7913e-05,6.157e-05,-8.326208945635607e-08,1.7525364993188544e-06,2.62993e-05,0.15485256079908744,inf
5,162743908,163771582,4.6513e-05,6.0877e-05,-1.8631299067957435e-06,2.1524068303438614e-06,8.00629e-05,0.15485256079908744,0.6551801764300527
5,163771582,165642395,2.7998e-05,5.9734e-05,-2.958407565230528e-07,9.28959106134284e-07,0.000148049,0.178192317888631,inf
5,165642395,166847740,0.00018517,6.8837e-05,4.077375213506306e-07,7.09576982345571e-07,4.06979e-07,0.178192317888631,inf
5,166847740,168525318,0.00026859,7.3211e-05,9.004434455674931e-07,2.6707386077950913e-06,9.683e-14,0.026435148969123988,0.43921329954204846
5,168525318,169505664,0.00011751,6.5075e-05,4.280398532454315e-06,2.593561795787624e-06,3.27018e-06,0.026435148969123988,0.04828298073318404
5,169505664,171074292,4.1751e-05,6.0585e-05,-8.281303693961632e-07,4.139151435227881e-06,0.000189682,0.02069082203083039,0.02069082203083039
5,171074292,172678327,6.99e-05,6.2291e-05,1.6252360206209647e-05,5.061405503044928e-06,2.04777e-07,9.804747804148952e-05,9.804747804148952e-05
5,172678327,173642871,0.0001845,6.8801e-05,-3.1247985160444746e-06,2.9607905630946037e-06,1.52153e-07,0.3424455931229091,0.3424455931229091
5,173642871,175450595,-3.9863e-05,5.5342e-05,-2.9829500058586063e-06,3.6135953834703954e-06,0.0014285,0.09869737463844332,0.09869737463844332
5,175450595,177251507,0.00018646,6.8908e-05,1.1112852417648787e-05,9.665732118255714e-06,5.10021e-17,0.014188801998436501,0.014188801998436501
5,177251507,178413464,2.7705e-05,5.9715e-05,9.505052951568418e-06,5.003505367869657e-06,3.75623e-05,0.02239476379570585,0.02239476379570585
5,178413464,179401244,0.00027625,7.36e-05,-1.1322034382474619e-06,5.049149853928133e-06,9.44818e-14,0.06517808412342622,0.06517808412342622
5,179401244,180885156,-2.3639e-06,5.781e-05,-5.779541501599554e-07,6.407948038436447e-06,1.05615e-05,0.024052186518387506,0.024052186518387506
6,73924,1452362,-2.9902e-05,5.6008e-05,-2.474739345044876e-07,3.010325709597318e-06,8.09732e-06,0.06096039405407141,0.06096039405407141
6,1452362,2458936,0.00016347,6.7653e-05,-2.4908891760765373e-06,2.135838147476424e-06,1.35513e-10,0.46840371235958156,0.8867843541427716
6,2458936,3573593,8.1856e-06,5.8486e-05,-6.401736015162193e-06,4.8894754899903635e-06,1.25588e-07,0.26557928138717457,0.26557928138717457
6,3573593,4617817,7.4437e-05,6.2562e-05,1.4269181354031085e-05,3.4827265920222596e-06,5.85169e-06,0.00047252077079500897,0.00047252077079500897
6,4617817,5791472,1.2282e-05,5.8746e-05,-2.0209350300221675e-06,3.020004484439316e-06,8.41617e-05,0.11354625441976685,0.11354625441976685
6,5791472,6785207,2.7864e-05,5.9725e-05,6.212909267681072e-07,2.217591166501783e-06,0.000373174,0.11131479645566571,0.11131479645566571
6,6785207,7808936,0.00010822,6.4541e-05,-3.0978754960786047e-06,3.627444275791283e-06,6.69093e-06,0.20250167196069588,0.20250167196069588
6,7808936,9020026,0.00015826,6.7366e-05,-2.4400269244300126e-06,2.8172906940982224e-06,1.40887e-06,0.3860889838283489,0.3860889838283489
6,9020026,10540317,7.2245e-05,6.2431e-05,4.311337920319261e-08,2.1496932076326633e-06,7.56073e-06,0.12794973884416205,0.12794973884416205
6,10540317,11790816,2.8402e-05,5.9759e-05,-1.4281610342410165e-06,5.062129297543449e-06,6.81775e-07,0.09520059054370988,0.09520059054370988
6,11790816,13209388,0.00010782,6.4518e-05,-1.3078723521551153e-06,2.6121788021183323e-06,6.47486e-08,0.21393539414524732,0.21393539414524732
6,13209388,14802924,0.00012172,6.5315e-05,-3.0046351981780548e-06,3.924337998284518e-06,7.03329e-07,0.21701646921722417,0.21701646921722417
6,14802924,17386405,3.9685e-05,6.0458e-05,-2.813836307865554e-06,3.7529066064330127e-06,7.07631e-05,0.13723747892081847,0.19871644394804663
6,17386405,19207487,0.00045913,8.2334e-05,-9.269066138677208e-07,4.283295352912944e-06,7.75303e-15,0.10424571020072251,0.10424571020072251
6,19207487,21684065,8.8162e-05,6.3373e-05,-2.9399159958665385e-06,2.9425484905098373e-06,2.90931e-08,0.20419395054691653,0.20419395054691653
6,21684065,22748307,8.303e-05,6.3071e-05,-5.640098763414253e-08,1.6024215707311093e-06,1.23656e-05,0.2395592375234004,0.2395592375234004
6,22748307,23936619,0.00010608,6.4417e-05,-7.623934762769198e-07,1.3595369270808473e-06,5.61794e-07,0.3765966418640475,inf
6,23936619,24852275,-3.7157e-06,5.7663e-05,-4.202477103430056e-06,4.507617522865062e-06,0.000471248,0.06408737592799384,0.16913710392983855
6,24852275,25684587,0.00023869,7.1674e-05,-2.285725312211773e-06,2.386961030848927e-06,2.79485e-05,0.06408737592799384,0.7498757508685503
6,25684587,26791233,0.0004315,6.9405e-05,1.0008584313110017e-05,7.360215674778788e-06,2.57326e-11,0.005681396033421878,0.005681396033421878
6,26791233,28017819,0.00063598,7.926e-05,-5.277598159036991e-07,5.5761648886411e-06,1.39274e-06,0.1165788600406662,0.1165788600406662
6,28017819,28917608,0.00020667,5.1111e-05,-5.460309532149612e-06,5.432987049215411e-06,2.99446e-06,0.11100614680316488,0.11100614680316488
6,28917608,29737971,5.6235e-05,2.5122e-05,7.065430651919269e-06,5.680789500968019e-06,1.96178e-07,0.022806262050218816,0.022806262050218816
6,29737971,30798168,5.5817e-05,2.2902e-05,1.969296667732652e-05,7.446287956571371e-06,5.69646e-08,0.0011973277359030475,0.0011973277359030475
6,30798168,31571218,0.00021029,5.1036e-05,3.2538215182589752e-06,1.0239764841976653e-05,5.16493e-10,0.0033831967605683164,0.0033831967605683164
6,31571218,32682664,0.0011907,9.8227e-05,-4.3732979585880566e-06,1.0748379866383384e-05,1.63932e-19,0.003936660699022702,0.003936660699022702
6,32682664,33236497,0.00024926,5.8008e-05,2.1834800448790258e-06,6.169869255621482e-06,7.46393e-08,0.014552321026736724,0.014552321026736724
6,33236497,35455756,0.0006999,9.2585e-05,1.97675826075236e-05,8.606765173618372e-06,5.93575e-25,1.8547355286472097e-06,1.8547355286472097e-06
6,35455756,37572596,5.3951e-05,6.133e-05,1.5267666459032314e-06,8.22678128866479e-06,2.08354e-09,0.027668403802359402,0.027668403802359402
6,37572596,39295677,6.3868e-05,6.1929e-05,-6.092649826145514e-06,4.000152234142711e-06,3.97224e-06,0.34719402571041535,0.34719402571041535
6,39295677,40345115,0.00015656,6.7272e-05,1.6438610634106654e-06,2.8074022369938374e-06,4.05092e-11,0.041949191689996446,0.041949191689996446
6,40345115,42038721,7.7766e-05,6.276e-05,-2.748629172800665e-06,6.692482373310392e-06,1.46558e-11,0.06480454126890196,0.06480454126890196
6,42038721,43756169,7.9992e-05,6.2891e-05,-4.5120180520630663e-07,9.316972330899793e-06,5.40128e-09,0.026933795176887643,0.026933795176887643
6,43756169,45406563,0.00012905,6.5732e-05,-2.46526118322848e-06,5.450540225774401e-06,1.86478e-09,0.10538481067893649,0.10538481067893649
6,45406563,47311898,3.7612e-05,6.033e-05,3.996092432930249e-06,5.162072108357189e-06,5.4575e-05,0.001982075970249846,0.001982075970249846
6,47311898,48391125,0.00096088,0.00010197,7.920894796458578e-07,3.026270241907363e-06,9.06933e-09,0.05364562709384272,0.05364562709384272
6,48391125,50386145,4.1275e-05,6.0556e-05,1.0339925179118037e-06,4.094050364123329e-06,2.9926e-07,0.02333727469257798,0.02333727469257798
6,50386145,52210476,0.00045403,8.2103e-05,-7.642324550453303e-07,3.389716467256016e-06,9.02882e-22,0.13489217074213178,0.13489217074213178
6,52210476,53279102,6.8003e-05,6.2178e-05,2.8796266233838144e-05,5.069107108995022e-06,0.00040009,2.9616309832802002e-05,2.9616309832802002e-05
6,53279102,55468270,8.2426e-05,6.3035e-05,-2.0751923487818345e-06,4.187376761751407e-06,7.96853e-09,0.1572141550860535,0.1572141550860535
6,55468270,56105313,0.00013641,5.4103e-05,2.4692865020387134e-06,1.637072422219219e-06,0.000438151,0.006238102919161226,0.663214026256292
6,56105313,57599465,0.00040595,7.8974e-05,1.0562329464276151e-05,3.5854889641781933e-06,4.16197e-05,0.006238102919161226,0.04014068250529956
6,57599465,61880512,9.2243e-05,4.3111e-05,-1.0207091972796969e-06,1.4746276059990662e-06,0.000250535,0.5589631419773826,inf
6,61880512,63552888,0.00044136,7.6106e-05,-3.4277654937738736e-07,6.212327399324833e-07,0.000197072,0.6392825165892437,inf
6,63552888,65765742,0.00021497,7.0431e-05,-1.9101455279933e-06,3.8394520416471216e-06,1.00354e-05,0.17603867488127958,0.17603867488127958
6,65765742,67329215,0.00032575,7.6063e-05,-5.807727493072312e-07,8.454902356695126e-07,1.20981e-05,0.8657815306771302,inf
6,67329215,68849483,6.437e-05,6.196e-05,-4.7410869453202185e-07,7.39128630088287e-07,3.36818e-05,0.6141904825489195,inf
6,68849483,69523448,0.00034587,7.06e-05,-2.0251301418559305e-07,3.839703039874689e-07,4.52504e-05,0.6141904825489195,inf
6,69523448,71609510,6.517e-05,6.2008e-05,3.176306533349856e-06,3.5370592968992607e-06,0.000130845,0.026957933983348545,0.026957933983348545
6,71609510,73450097,2.171e-05,5.9341e-05,-1.1491736946774773e-06,2.3671659651658068e-06,3.16415e-05,0.16868143372103583,0.16868143372103583
6,73450097,75462003,0.00019101,6.9153e-05,3.0161606569820327e-07,4.857041355188705e-06,1.79943e-08,8.836759460122967e-05,0.11427872082368616
6,75462003,77414881,0.00030242,7.4912e-05,1.611717157171532e-05,3.594246458537408e-06,9.53743e-06,8.836759460122967e-05,0.003671760039851759
6,77414881,78957728,0.00022465,7.0892e-05,1.5068069287307758e-06,1.4362978675334157e-06,0.000141776,0.10882263934966084,0.10882263934966084
6,78957728,80691170,2.8863e-05,5.9788e-05,-3.8210784494522815e-06,3.4596062606641112e-06,0.000129968,0.20644711931742038,0.20644711931742038
6,80691170,81929222,0.00041641,7.7069e-05,-1.1494527599800368e-06,2.0421148302591266e-06,0.0001648,0.15574660718571828,0.4770619859144347
6,81929222,83127149,0.00056769,8.7105e-05,-5.583758802352977e-07,1.8076405428435745e-06,1.22271e-07,0.15574660718571828,0.9757315662879721
6,83127149,85209989,0.00051427,8.4791e-05,-1.655651341099905e-06,4.835892854756102e-06,3.0419e-09,0.07163075506883614,0.07163075506883614
6,85209989,87069500,0.00023497,7.1481e-05,-3.2108069807783777e-06,2.8124569257657996e-06,1.8843e-06,0.2557302181298413,0.5176737885970444
6,87069500,88822140,0.00015806,6.7355e-05,2.25070811730507e-06,4.7128318379307556e-06,9.77153e-08,0.06194495818987138,0.06194495818987138
6,88822140,89973052,-1.0761e-05,5.7267e-05,6.0232843331883024e-06,3.5278185562737648e-06,0.000609235,0.004272535957588976,0.004272535957588976
6,89973052,91843196,4.1211e-05,6.0552e-05,2.2744498486174745e-06,3.729050446901288e-06,4.91561e-05,0.05418773288779229,0.05418773288779229
6,91843196,93428644,7.9641e-05,6.2871e-05,-4.331043423749167e-07,8.554078876433491e-07,0.000534762,0.2711015435874254,inf
6,93428644,94118142,0.00021056,6.7937e-05,6.161773010021383e-08,4.126663047312612e-07,0.000203276,0.2711015435874254,inf
6,94118142,94441175,0.00045274,6.4533e-05,2.8868191361631762e-08,1.9333607119419273e-07,7.04031e-06,0.2711015435874254,inf
6,94441175,97093511,5.6929e-05,6.1511e-05,1.1857754785405221e-06,2.6435431315333657e-06,0.000148655,0.057243337316878806,0.057243337316878806
6,97093511,97842284,0.00039152,7.0893e-05,7.215871990707103e-06,2.583756024649181e-06,3.59845e-06,0.020005450357421305,0.020005450357421305
6,97842284,100630146,0.00014001,6.635e-05,-1.5846043448704656e-06,4.401280205426106e-06,8.0148e-14,0.13636806336190138,0.13636806336190138
6,100630146,102636772,0.00050863,8.4543e-05,2.9941354082166147e-06,2.2240782830583234e-06,2.41069e-12,0.059218398215086114,0.059218398215086114
6,102636772,103983395,0.00014248,6.6436e-05,-7.544407988175889e-07,1.043447584081516e-06,0.000149871,0.42997824988200306,inf
6,103983395,106056733,0.00050314,8.4301e-05,-2.742402870636396e-06,2.959798668171261e-06,8.69422e-31,0.3097197477979938,0.3097197477979938
6,106056733,107450306,-1.7992e-05,5.6795e-05,6.544712908679883e-06,3.5902716544635824e-06,3.13256e-06,0.03862633201125184,0.03862633201125184
6,107450306,108464380,9.0937e-05,6.3536e-05,-5.158501363554895e-06,3.2866743772200866e-06,2.94296e-05,0.45659608829880305,0.7492867446606135
6,108464380,110304247,0.00026335,7.2944e-05,3.1568180751702566e-06,5.408277186127527e-06,1.2364e-13,0.046038556491701514,0.046038556491701514
6,110304247,112345014,9.0302e-05,6.3499e-05,8.366561828670839e-06,5.47778560677661e-06,1.35435e-05,0.02735599690346951,0.02735599690346951
6,112345014,114220833,3.4056e-05,6.011e-05,7.259070942716855e-07,2.376394377470186e-06,1.66834e-05,0.0938725893291631,0.0938725893291631
6,114220833,116131396,-6.6495e-06,5.7533e-05,6.382762956463689e-07,1.7959163487331458e-06,0.000110051,0.1376907979895911,0.1376907979895911
6,116131396,117672972,0.00023209,7.1331e-05,-1.0777546474020046e-06,5.938598522678296e-06,1.53791e-06,0.055644151603612045,0.055644151603612045
6,117672972,118963115,0.00011221,6.4017e-05,-2.50001472070313e-06,3.0558375086280937e-06,2.36089e-05,0.29414680717124847,0.29414680717124847
6,118963115,119963278,0.00041318,7.8875e-05,-3.1715141260842423e-06,2.6799159258019e-06,5.95842e-05,0.5783482883442255,0.5783482883442255
6,119963278,120512128,0.000369,6.722e-05,-4.734995881477944e-07,7.297273420670018e-07,3.92059e-06,0.7741289718335006,inf
6,120512128,121905676,5.7643e-05,6.1272e-05,-6.602905508608431e-07,1.5620265983016367e-06,0.000242601,0.33637154225012456,0.5175552031518192
6,121905676,123856181,0.00011681,6.5035e-05,6.074598134779452e-07,3.664243071128719e-06,6.79332e-06,0.15305482569246529,0.15305482569246529
6,123856181,125424383,0.00010771,6.4512e-05,5.162998689422155e-06,2.137283351913824e-06,1.82325e-05,0.006047741992882233,0.006047741992882233
6,125424383,127540461,0.00057801,8.7545e-05,-3.9232158712189695e-06,4.0483292034501455e-06,2.6998e-10,0.25189408109835104,0.25189408109835104
6,127540461,129861031,0.00016347,6.7654e-05,3.322877896741183e-06,4.0744733008192924e-06,6.54965e-08,0.007971713999653888,0.007971713999653888
6,129861031,130935454,0.00050588,8.4422e-05,-2.5643647085288694e-06,2.9934816580832523e-06,3.9662800000000003e-19,0.16407192705113052,0.16407192705113052
6,130935454,132765669,5.4731e-05,6.1378e-05,8.016347366947041e-06,4.547474415166905e-06,0.000223092,0.005000669400836335,0.005000669400836335
6,132765669,134244243,8.5745e-05,6.3231e-05,1.7007245984783722e-06,4.901263817985092e-06,5.0673e-07,0.05098714471827553,0.05098714471827553
6,134244243,136224177,0.00033799,7.666e-05,1.2208745266880283e-06,3.5670572386172607e-06,2.37955e-07,0.06336064140049609,0.06336064140049609
6,136224177,137614218,0.0001021,6.4187e-05,1.2168029608412423e-06,4.220142328707953e-06,0.00023825,0.026031256065643344,0.026031256065643344
6,137614218,138822629,7.0452e-05,6.2324e-05,5.601321598060339e-07,3.2402022615502516e-06,3.46605e-05,0.03879697118195452,0.04298178951630067
6,138822629,139845436,5.9447e-05,6.1663e-05,2.5655692117592522e-06,3.7485566395178335e-06,7.60898e-08,0.08142097958278836,0.08142097958278836
6,139845436,142288479,0.00036079,7.7759e-05,-8.022090984428069e-07,1.7607757122730516e-06,9.49003e-13,0.4165476866982235,inf
6,142288479,145319810,0.00011834,6.5122e-05,-7.952734829357783e-07,5.310945203117139e-06,3.23709e-07,0.059393954807647316,0.059393954807647316
6,145319810,146665424,0.00046696,7.7302e-05,6.029394273769265e-06,2.7693668217218287e-06,2.8836e-05,0.014614186758738342,0.014614186758738342
6,146665424,148920352,2.5389e-05,5.9571e-05,-2.3560379103264427e-06,3.1486895104919164e-06,3.75906e-05,0.3273875781260267,0.3273875781260267
6,148920352,150253404,0.00019706,6.9478e-05,-1.5848593032926773e-06,4.952040373668714e-06,4.64837e-07,0.09485123314841656,0.09485123314841656
6,150253404,151912703,3.3548e-08,5.7964e-05,-1.1632229656190162e-06,4.773594398779732e-06,5.63598e-05,0.11289691570666135,0.11289691570666135
6,151912703,153094496,0.00014857,6.6828e-05,3.582892555066695e-06,2.6705951567881228e-06,3.08895e-07,0.013000975325672562,0.013000975325672562
6,153094496,154974120,0.00012192,6.5327e-05,1.8437647612156843e-07,3.649541294272697e-06,1.32689e-06,0.06792161118151842,0.06792161118151842
6,154974120,156763326,2.9281e-05,5.9814e-05,-1.9733469479699687e-07,3.15544169142102e-06,1.74114e-05,0.11512633413171534,0.11512633413171534
6,156763326,158218719,0.00013675,6.6167e-05,-1.7274395466918028e-06,2.501620487656243e-06,1.2291e-05,0.37451051892091536,0.541466542396328
6,158218719,160580497,0.00011422,6.4886e-05,1.3783338596058375e-05,1.1788361687179435e-05,1.47814e-05,0.04201130804139225,0.04201130804139225
6,160580497,162169564,3.3217e-05,6.0058e-05,-1.3235799913339206e-06,3.5284941182688625e-06,2.39396e-05,0.04509151941255569,0.18590133898452202
6,162169564,162931203,0.0001301,6.5791e-05,2.556970076107369e-06,1.1992855576029112e-06,6.43929e-05,0.04509151941255569,inf
6,162931203,164383521,7.6183e-05,6.2666e-05,-1.1025284431906677e-06,1.6641968139017835e-06,3.28153e-07,0.04509151941255569,0.5345957473077936
6,164383521,165586864,9.5573e-05,6.3807e-05,6.360258575156434e-07,1.1825724955836216e-06,1.51306e-05,0.12221891549083684,inf
6,165586864,167024733,1.0587e-05,5.8638e-05,-1.1679170446342926e-06,3.260273508696576e-06,5.09302e-05,0.12221891549083684,0.24744011484927805
6,167024733,168042835,5.0509e-05,6.1121e-05,-8.450684052080679e-07,4.158138877740504e-06,0.00115886,0.04855284583639066,0.04855284583639066
6,168042835,169382050,1.3669e-06,5.805e-05,-4.168927669604541e-06,3.208645559341362e-06,7.12278e-05,0.059630025183958595,0.6878717209436858
6,169382050,170330173,0.00016518,6.7748e-05,4.237109684265653e-07,2.9657511720303754e-06,6.90866e-09,0.059630025183958595,0.22126686799314577
6,170330173,171051270,0.00019085,6.4579e-05,5.3474270089592855e-06,3.214415475506442e-06,5.75997e-06,0.03573512611954536,0.03573512611954536
7,16161,972752,0.00035854,7.7651e-05,-3.1296629798987845e-06,3.7878007696335816e-06,6.91254e-07,0.19022626347310512,0.19022626347310512
7,972752,1353067,0.00062959,8.799e-05,-2.8816512452181922e-06,3.385137153795814e-06,1.02107e-08,0.29315974442468606,0.3540074749324472
7,1353067,2062398,0.00015574,6.7227e-05,-1.746405930380436e-06,3.574133365428654e-06,3.43356e-05,0.06171101497659421,0.06171101497659421
7,2062398,2772227,0.00010002,6.4067e-05,-3.545738008006669e-06,4.461676288209647e-06,4.58376e-05,0.08927825882073556,0.08927825882073556
7,2772227,4573428,3.8344e-05,6.0375e-05,-1.8285018275327082e-06,2.6605253519759716e-06,7.83431e-06,0.16152428136859137,0.5139095298178574
7,4573428,5416232,0.00022855,7.1145e-05,-4.603207059227139e-06,3.903565995714417e-06,4.1018e-09,0.16152428136859137,0.34224969174027253
7,5416232,5854526,0.00020109,6.664e-05,-7.767160985500111e-07,2.5885984781121614e-06,6.15026e-07,0.12452983989427333,0.12452983989427333
7,5854526,6573857,0.00035434,7.727e-05,-5.610786987433546e-06,4.96046667003633e-06,1.75717e-07,0.22197375607578787,0.22197375607578787
7,6573857,7808752,0.00016905,6.796e-05,3.3934371670328422e-06,4.538950671220537e-06,4.2098e-06,0.0666024067742263,0.0666024067742263
7,7808752,9123423,5.1789e-06,5.8294e-05,2.229251549246756e-06,2.1494010464548943e-06,0.000636245,0.07962206742336653,0.12304670599419568
7,9123423,9987499,-9.6463e-06,5.7339e-05,9.291534331370241e-07,7.400755644606033e-07,1.19225e-05,0.07962206742336653,inf
7,9987499,11299198,2.5152e-05,5.9556e-05,1.4155876737006569e-06,1.6427392226939433e-06,0.000313618,0.0565195631914266,inf
7,11299198,12635461,0.00012751,6.5644e-05,5.843303373079976e-07,2.673123727552835e-06,1.40738e-06,0.0565195631914266,0.1106088274866285
7,12635461,13884202,5.5002e-05,6.1394e-05,5.146500318358108e-07,1.7154399129168698e-06,9.48448e-06,0.13149683623205347,0.13149683623205347
7,13884202,15143657,0.00022386,7.09e-05,-6.697586776374511e-07,1.5803786586403698e-06,4.2654e-09,0.32069915273328714,0.4010005322075346
7,15143657,16902069,0.00011123,6.4715e-05,2.5271032107263167e-06,4.191766998947257e-06,3.00171e-05,0.02235179078563658,0.02235179078563658
7,16902069,19481547,6.7653e-05,6.2157e-05,-1.9802393537528455e-06,3.159864278064824e-06,6.58076e-14,0.19086761196226557,0.19086761196226557
7,19481547,20124908,0.00023288,7.0096e-05,1.012483951843102e-07,1.947742513848227e-06,2.98426e-05,0.08347150475172466,0.2857443643302501
7,20124908,22507629,6.2075e-05,6.1822e-05,-2.6282848268243982e-06,3.916969583828631e-06,2.04782e-06,0.08347150475172466,0.11906449350027029
7,22507629,23471442,6.2856e-05,6.1869e-05,-2.7856787059708353e-06,4.061785224564284e-06,0.00107321,0.10083742908812342,0.10083742908812342
7,23471442,25077259,3.5522e-05,6.0201e-05,1.7548944837778324e-06,4.264941431448249e-06,2.50809e-05,0.020891331264963914,0.020891331264963914
7,25077259,25909555,0.00015263,6.7055e-05,-1.3918131564213195e-06,2.3561607288899994e-06,1.32496e-06,0.1286510513623913,0.8542582399365499
7,25909555,28360309,0.00034136,7.6823e-05,-3.9374689796831145e-06,6.30941616077415e-06,4.8455200000000004e-18,0.0771918222352829,0.0771918222352829
7,28360309,31137289,1.7562e-05,5.908e-05,2.974263822624566e-06,6.080514920416819e-06,2.68792e-06,0.023403109598073468,0.023403109598073468
7,31137289,33555768,7.2945e-05,6.2473e-05,-3.3712383466527176e-06,4.691060684342489e-06,4.7854e-08,0.018776850650628875,0.018776850650628875
7,33555768,36213538,3.3191e-05,6.0057e-05,4.221032653599448e-07,3.5574062394958746e-06,7.45281e-11,0.040209950229311245,0.0582364171929318
7,36213538,37555184,2.2267e-05,5.9375e-05,4.156536827080345e-06,3.1272577363752946e-06,0.000135588,0.040209950229311245,0.08464129927334789
7,37555184,38966703,0.00012962,6.5764e-05,-1.8180252783651671e-06,3.55897679925658e-06,1.32778e-08,0.18111105556448187,0.18789788287624037
7,38966703,39862670,0.00098677,0.00010301,1.4492708092018196e-05,2.4347430380861414e-06,4.4462e-13,0.000957767210279263,0.011816125476953113
7,39862670,42001811,0.00015343,6.7099e-05,9.25512999603521e-07,2.488868309275767e-06,6.05455e-08,0.000957767210279263,0.18606955719947899
7,42001811,43159074,0.00012781,6.5662e-05,-2.641838229185174e-06,2.3127488792185746e-06,3.84295e-06,0.6890856760021549,0.9489397091407431
7,43159074,44763828,0.00015486,6.7178e-05,3.070362425493213e-05,6.568184301215434e-06,9.60839e-07,3.075595147345231e-08,3.075595147345231e-08
7,44763828,45952922,0.00023516,7.1442e-05,1.6502778688841886e-06,4.667615594881549e-06,1.73434e-08,0.04878718738347677,0.04878718738347677
7,45952922,46986720,0.00043444,8.1167e-05,1.1840926716123e-06,1.3991282559597059e-06,2.96233e-16,0.13829223384277553,inf
7,46986720,49212278,2.1728e-05,5.9342e-05,-3.598780290178017e-06,3.792981540094007e-06,1.3142e-05,0.17122217733161876,0.17122217733161876
7,49212278,51675322,0.00012371,6.5428e-05,-1.4763940735687517e-06,3.7921504764404256e-06,2.11076e-14,0.1161808881155656,0.1161808881155656
7,51675322,53176312,-1.5755e-05,5.6941e-05,-5.828020322313582e-07,9.498077867546372e-07,0.00159263,0.49005756584868065,inf
7,53176312,54222976,5.0054e-05,6.0809e-05,-3.0914553575273016e-07,8.349841606200685e-07,0.000502367,0.49005756584868065,inf
7,54222976,55691584,8.2014e-05,6.3011e-05,-7.880067238306405e-07,2.362345948162861e-06,1.06372e-05,0.17315342618050364,0.17315342618050364
7,55691584,57382638,0.00021116,6.5897e-05,7.71182006040537e-06,4.756420891572207e-06,2.66466e-05,0.025017825001428764,0.025017825001428764
7,57382638,63307359,9.0871e-05,4.9776e-05,6.374023457967773e-06,2.1526931189123332e-06,0.00184434,0.002798931897395573,inf
7,63307359,63641125,0.00012425,4.1429e-05,8.549914009665011e-07,1.5239766159231722e-07,0.000444375,0.002798931897395573,inf
7,63641125,65689809,0.0002518,6.016e-05,3.164854084822262e-06,4.742696529670043e-06,1.44531e-05,0.002798931897395573,0.07206155764316036
7,65689809,68234074,0.00010321,6.4252e-05,-2.2260581557928157e-06,3.50638903085826e-06,2.38383e-05,0.19116437848128348,0.24385812710074406
7,68234074,69085364,0.0001692,6.7968e-05,2.836805683619951e-07,5.66148720204448e-07,3.44004e-05,0.19116437848128348,inf
7,69085364,71874885,0.00012706,6.5619e-05,3.158664131891593e-07,2.0438233756871284e-06,1.43774e-06,0.1497977350384855,0.999306094840068
7,71874885,73334602,0.00064612,8.8096e-05,4.5423714172108814e-06,6.1394285845217295e-06,2.39791e-21,0.007379935191836879,0.007379935191836879
7,73334602,76458564,0.00014018,6.6359e-05,2.0135073824071496e-05,7.066000951170932e-06,5.75225e-12,2.119009333934112e-06,2.119009333934112e-06
7,76458564,78093859,9.2706e-05,6.364e-05,1.1865570275908206e-05,3.866729262133992e-06,6.58086e-14,0.016878601558170857,0.016878601558170857
7,78093859,79888069,7.6075e-05,6.2659e-05,-2.7315835850605064e-07,1.8023005310182923e-06,9.60999e-06,0.19636734566832045,inf
7,79888069,82022686,2.8299e-06,5.8144e-05,2.5539227649622754e-06,3.043129831588316e-06,5.38331e-05,0.09267553533861699,0.09267553533861699
7,82022686,83801203,6.3279e-05,6.1894e-05,1.0558992759582979e-06,2.143750770394632e-06,1.49996e-08,0.08244451064728696,0.08244451064728696
7,83801203,85572182,0.00043067,8.1037e-05,-1.5805700854253992e-06,1.6793489748826805e-06,1.42344e-12,0.26459689434885864,0.8827068964945393
7,85572182,87825004,0.00020221,6.9704e-05,4.796612331109316e-06,4.791457854533586e-06,5.10907e-05,0.026834559647649664,0.026834559647649664
7,87825004,90661784,0.00011039,6.4666e-05,4.536363344315324e-06,4.333780039749255e-06,2.51563e-10,0.03827490709918062,0.049088599878961754
7,90661784,92493752,8.0655e-05,6.2931e-05,-3.502590996013635e-06,4.892670398139304e-06,2.99807e-05,0.07686416849336104,0.07686416849336104
7,92493752,93966601,0.00016882,6.7948e-05,7.994643036373952e-06,4.365253615723188e-06,2.62391e-08,0.013920453921708757,0.013920453921708757
7,93966601,96073508,0.00012274,6.5373e-05,1.1237043238588546e-06,4.802078988598378e-06,7.27016e-13,0.020972331376311982,0.07140855418174664
7,96073508,97099570,8.3244e-05,6.3084e-05,-2.4534105687183584e-06,2.8022220641942306e-06,4.74995e-06,0.17957325254370493,0.41191574466254743
7,97099570,98715474,6.4834e-05,6.1988e-05,9.361396322374227e-06,4.8667742912927055e-06,2.92095e-06,0.028644960792138754,0.028644960792138754
7,98715474,100196651,0.00075899,9.0924e-05,3.7405240543585733e-05,1.014537208330456e-05,1.51465e-08,0.0006948846198026986,0.0006948846198026986
7,100196651,101199253,0.00020749,7.0035e-05,1.1597477922662963e-05,7.5797691745098215e-06,1.79957e-08,0.0011853206384444866,0.0011853206384444866
7,101199253,103197510,0.00023433,7.1447e-05,1.6283723342188698e-05,6.638670147736437e-06,1.70353e-08,0.007172406089518897,0.007172406089518897
7,103197510,104159525,0.00036022,7.7732e-05,3.828377038686917e-06,2.065086759375203e-06,3.80878e-10,0.07958468029402295,0.07958468029402295
7,104159525,105682905,8.7297e-05,6.3322e-05,7.976877979413062e-06,3.927255878494221e-06,9.33102e-06,0.01386990818734254,0.01386990818734254
7,105682905,107780178,-8.4143e-06,5.7419e-05,-7.127140673649895e-06,5.606093777254096e-06,0.000346996,0.09218371784825057,0.09218371784825057
7,107780178,109647594,0.00015475,6.712e-05,-2.9244634974536494e-06,2.894011787182776e-06,1.05137e-06,0.29983979006880956,0.29983979006880956
7,109647594,112618684,2.216e-05,5.9369e-05,-1.6843841041759347e-06,4.03544386955397e-06,7.56381e-07,0.07488853963229877,0.07488853963229877
7,112618684,113712387,0.00080159,9.2764e-05,5.055044335050555e-06,1.8570135713631948e-06,5.24578e-07,0.004059265552506747,0.9655176062476516
7,113712387,116780178,0.00028706,7.4144e-05,4.5863796079637415e-06,4.139256209001185e-06,2.14557e-07,0.004059265552506747,0.05085642379022471
7,116780178,118351581,0.00021231,6.8541e-05,-1.586177101303129e-06,3.317095853203192e-06,2.93919e-06,0.16704671833558424,0.16704671833558424
7,118351581,121045273,0.00011022,6.4656e-05,-1.8668124871161282e-06,3.3105089990640218e-06,0.00100125,0.14173058925984863,0.14173058925984863
7,121045273,121933630,0.00028114,6.8836e-05,1.7129606910708462e-06,2.4058230542964847e-06,1.24637e-05,0.036098037871740866,0.036098037871740866
7,121933630,124156805,8.5026e-05,6.3189e-05,1.4469140134899437e-05,5.0658084713937735e-06,5.21129e-06,0.0006475773326377629,0.0006475773326377629
7,124156805,124167552,4.4515e-05,1.9631e-05,-1.5468175806971236e-08,3.6448679714968266e-08,0.0467802,0.5271756463518065,inf
7,124167552,126519170,9.5627e-05,6.381e-05,-4.894517498543453e-07,2.0861327012070176e-06,4.53919e-05,0.19012420174326428,0.19012420174326428
7,126519170,126869221,8.5758e-05,4.1811e-05,-4.0221653639548243e-07,5.092173198888717e-07,7.65389e-05,0.5873728612322181,inf
7,126869221,128778386,0.00016115,6.7526e-05,-2.0083200200214055e-06,6.694098675215e-06,7.77103e-18,0.04088797248499099,0.04088797248499099
7,128778386,130422414,0.00012356,6.542e-05,-1.2927170815853862e-07,5.77511095884965e-06,6.59282e-08,0.06445106643696247,0.06445106643696247
7,130422414,132805848,0.00013125,6.5856e-05,-1.0481805152018218e-06,2.809921440606904e-06,1.62268e-09,0.1945096723907317,0.20387819760760578
7,132805848,134307596,0.00033641,7.6537e-05,-3.507965245242406e-06,3.543411414934809e-06,6.38567e-05,0.1945096723907317,0.4199025432643767
7,134307596,135591083,0.00013709,6.6186e-05,2.5875820765961543e-06,4.935931323834246e-06,1.03016e-09,0.03393212428956889,0.03393212428956889
7,135591083,136876562,0.00011722,6.5058e-05,-3.2486167433941346e-08,1.951935956775601e-06,4.23191e-05,0.17767963782374208,0.5074171247492815
7,136876562,138744679,0.0001316,6.5876e-05,4.106931217102596e-06,4.436049652827378e-06,1.69823e-09,0.02418103761897248,0.02418103761897248
7,138744679,139933177,0.0002327,7.1363e-05,6.013196111971623e-06,4.690969782161184e-06,7.99848e-11,0.031805822309642434,0.031805822309642434
7,139933177,140235210,0.00014145,5.8078e-05,2.372646316284795e-06,2.480519234777079e-06,0.000120978,0.0371526001720699,0.0371526001720699
7,140235210,141226557,0.00022775,6.6983e-05,-2.3642836453643676e-06,3.2380877861031994e-06,0.000129624,0.25811091994164226,0.25811091994164226
7,141226557,142656310,8.9628e-05,6.0322e-05,4.7436385171806675e-06,5.795091661824796e-06,0.000414678,0.01243691996754398,0.01243691996754398
7,142656310,144968289,4.5202e-05,6.0797e-05,2.4654105712080123e-06,7.253102722746832e-06,3.6903e-05,0.021954954103933617,0.021954954103933617
7,144968289,146427960,6.2336e-05,6.1837e-05,2.63983914123122e-07,9.040107628580101e-07,0.000459989,0.11985374366889519,inf
7,146427960,147815318,4.4248e-05,6.0738e-05,6.29710049998113e-07,9.400148742282767e-07,0.000195641,0.11985374366889519,inf
7,147815318,149840658,6.3121e-05,6.1885e-05,1.7003571564388778e-05,5.664224516056375e-06,1.23549e-05,0.008064044632887624,0.008064044632887624
7,149840658,150711505,0.00047518,8.3056e-05,-1.418112759388323e-06,5.821561897593644e-06,4.83489e-17,0.027513587498253302,0.027513587498253302
7,150711505,152249806,7.2096e-05,6.2422e-05,1.4770470108326442e-05,6.565034586778422e-06,4.35793e-09,0.02405878195858898,0.02405878195858898
7,152249806,153674019,-1.0443e-06,5.7895e-05,2.537557932317157e-06,1.7262485055398346e-06,5.85633e-05,0.043190875178769225,0.2916756991336975
7,153674019,154964730,1.5452e-05,5.8947e-05,6.190125617103153e-07,2.2470593862882664e-06,5.93557e-07,0.043190875178769225,0.48099621527056435
7,154964730,156065250,-2.1299e-05,5.6577e-05,-4.190309789289076e-06,3.201416317678527e-06,5.51448e-05,0.4345173745081803,0.4345173745081803
7,156065250,157634597,5.1131e-05,6.1159e-05,1.4223703213912606e-06,3.5073337654733727e-06,5.99211e-05,0.00035264238311369844,0.019236375739134434
7,157634597,159128575,0.00027958,7.3768e-05,1.6001368414584614e-05,3.199976522082409e-06,7.55428e-06,0.00035264238311369844,0.0052519361042706846
8,10422,1044217,9.1879e-05,6.3591e-05,-8.240177929169846e-07,2.795712624472346e-06,9.8269e-05,0.18666457569049746,0.18666457569049746
8,1044217,1163245,5.8226e-05,4.5256e-05,2.1530187889925307e-07,2.2695786151543287e-07,0.0001436,0.07293785331050785,inf
8,1163245,2042942,9.1983e-08,5.7968e-05,-1.8340049688868832e-07,2.764348496866217e-06,3.96933e-05,0.07293785331050785,0.3711722353014242
8,2042942,2573279,6.0354e-05,6.1718e-05,-4.907602556241813e-07,8.053693353170116e-07,0.000344566,0.7100428794770015,inf
8,2573279,3392926,-3.0619e-05,5.5961e-05,2.2919443668804587e-07,6.299896803313326e-07,0.000618425,0.05541271782073476,inf
8,3392926,3783017,9.0518e-05,6.3512e-05,4.859315611059791e-07,2.5741874878651974e-07,8.22284e-05,0.05541271782073476,inf
8,3783017,4480476,2.5382e-05,5.9571e-05,8.688160984934671e-07,4.602490780610095e-07,8.94957e-05,0.05541271782073476,inf
8,4480476,5146927,-1.0047e-05,5.7313e-05,1.206951798265319e-06,4.1352493170025787e-07,0.000207155,0.0002537876690380772,inf
8,5146927,6142797,3.7574e-05,6.0328e-05,9.715751545422548e-06,1.1095131730249646e-06,1.1375e-05,0.0002537876690380772,inf
8,6142797,7153079,7.7162e-05,6.2724e-05,1.1721682679188196e-08,3.844597706655854e-06,4.1561e-05,0.0002537876690380772,0.10484677654835137
8,7153079,9154694,0.0012924,0.00011395,-1.0095484901188766e-06,4.33791252626953e-06,9.827199999999999e-21,0.08075851898085855,0.08075851898085855
8,9154694,9640787,0.0031317,0.00016261,3.7995163110009727e-07,9.639576585446821e-07,1.45799e-16,0.21204285360553884,inf
8,9640787,10463197,0.001075,0.00010661,2.5107713669674237e-06,2.068594923954405e-06,1.0986400000000002e-18,0.05136380913044045,0.05136380913044045
8,10463197,11278998,0.0018606,0.00013121,1.930863374016844e-06,3.4516549006328977e-06,8.293309999999999e-22,0.0759142366425823,0.0759142366425823
8,11278998,13491775,0.00032788,7.6167e-05,3.603537066052378e-06,5.170972957925836e-06,7.68303e-22,0.03740455329744323,0.03740455329744323
8,13491775,13944992,-1.5188e-05,5.6978e-05,-3.1074770229756567e-07,9.491967026554958e-07,0.000125822,0.4636723501465,inf
8,13944992,15991660,0.00012401,6.5446e-05,-1.4901183620204807e-06,2.0502821926885754e-06,5.73699e-09,0.22088642937890493,0.5185368991822369
8,15991660,17387876,6.2709e-05,6.186e-05,-2.7053559389457534e-06,3.7864960159457755e-06,0.000141001,0.22088642937890493,0.29454106074811115
8,17387876,17836399,4.6143e-05,6.0854e-05,-8.816687041339744e-07,2.6233641238747116e-06,2.83533e-07,0.1425078317605733,0.2725439020697865
8,17836399,19492840,3.0197e-05,5.9871e-05,7.069057753976905e-06,3.417843570202888e-06,1.66116e-06,0.03184309859976654,0.04967451938384864
8,19492840,20060856,5.2159e-05,6.1221e-05,2.167201547984543e-06,2.5416017362330123e-06,0.00055788,0.03184309859976654,0.19641318231151944
8,20060856,21661737,7.2273e-05,6.2433e-05,2.098163125132055e-06,2.239810496351057e-06,1.30505e-05,0.03273070901352292,0.961423628380065
8,21661737,22897057,1.6938e-05,5.904e-05,3.3258229962226354e-06,7.016906513321062e-06,0.000128341,0.018589463564701616,0.018589463564701616
8,22897057,24674718,0.00012396,6.5443e-05,4.551013622162231e-06,5.450506318362764e-06,5.81145e-08,0.028369487946927105,0.028369487946927105
8,24674718,25483454,0.00029051,7.1703e-05,-6.943594756100031e-07,2.8316438038558166e-06,7.5771e-05,0.08623396676034978,0.08623396676034978
8,25483454,26682525,6.7795e-05,6.2165e-05,2.38908048171463e-06,3.2788019081112823e-06,1.37892e-07,0.025137052810121824,0.025137052810121824
8,26682525,28162392,5.1124e-05,6.1158e-05,-1.0146685262734317e-06,5.291614918635631e-06,1.32737e-05,0.031022971250522495,0.031022971250522495
8,28162392,29327896,6.3592e-05,6.1913e-05,5.476110883135375e-06,3.883404631186842e-06,0.000135221,0.025302973532386832,0.025302973532386832
8,29327896,31133729,4.4883e-05,6.0777e-05,5.315459693030619e-06,4.8254522401663625e-06,9.91387e-05,0.012181275518795174,0.012181275518795174
8,31133729,31548360,0.00046334,7.2586e-05,-3.154770041132471e-07,9.089311274199805e-07,4.80145e-06,0.35724504084638187,inf
8,31548360,32977218,0.00024729,7.212e-05,-5.329092129199603e-07,1.5403858086397029e-06,8.95906e-06,0.35724504084638187,inf
8,32977218,35317232,0.00058463,8.7826e-05,1.606487982665533e-05,3.0567895764469424e-06,1.76915e-11,0.0005619985115466234,0.0005619985115466234
8,35317232,37379389,0.00022594,7.1009e-05,9.035562303164361e-07,1.749702137659924e-06,8.35241e-09,0.14966858023511717,0.14966858023511717
8,37379389,38938806,0.00014648,6.6712e-05,-4.6506827541963364e-06,6.779271602904325e-06,2.04146e-06,0.05151840423297765,0.05151840423297765
8,38938806,40703337,4.2136e-05,6.0609e-05,8.92844516345146e-06,3.6999312319494035e-06,0.000445239,0.030461800348232156,0.030461800348232156
8,40703337,41721454,8.9834e-05,6.3471e-05,2.1747709880226832e-06,3.468785585954881e-06,9.90329e-06,0.06783550678985328,0.09857169411022973
8,41721454,42773823,0.00045389,7.6353e-05,-4.4258860352218546e-06,5.151925468413869e-06,2.22034e-05,0.06783550678985328,0.13424868644701793
8,42773823,46841315,0.00036923,5.924e-05,-1.1343986509889436e-06,2.9119775528794414e-06,5.34079e-06,0.12239931796892015,0.12239931796892015
8,46841315,50082470,0.00035882,7.7665e-05,5.936629207717519e-06,3.7004990746008125e-06,5.44738e-08,0.014012194867893603,0.014012194867893603
8,50082470,53302930,0.00011931,6.5178e-05,-7.3816016269963e-07,2.869771658460599e-06,6.35107e-06,0.154315116425294,0.154315116425294
8,53302930,54418044,0.00038367,7.8847e-05,6.189565471232554e-07,2.852902897125474e-06,2.34315e-05,0.1525113997362216,0.30522403352773597
8,54418044,55945581,6.9336e-05,6.2257e-05,1.6923704538946548e-06,3.825644270209019e-06,0.000162822,0.015624988100452538,0.015624988100452538
8,55945581,56956383,0.00014893,6.6797e-05,-3.0042727117287532e-06,2.919529793127031e-06,1.01512e-07,0.43134484430031894,0.43134484430031894
8,56956383,59068651,0.00012831,6.569e-05,-1.775827328055015e-06,3.900150458221392e-06,8.27342e-09,0.19065857837216404,0.19065857837216404
8,59068651,59728100,0.00075941,9.1893e-05,1.2771178079950955e-06,2.8546359329769564e-06,5.4344e-09,0.03853665886357891,0.03853665886357891
8,59728100,62329099,0.00011512,6.4938e-05,-1.9043411836338315e-06,3.134359430450741e-06,3.33923e-05,0.08626271572651084,0.7254560899775191
8,62329099,63349306,0.00033752,7.4009e-05,-1.4500737620186783e-06,1.5668513654879933e-06,0.000101554,0.6887876118021389,0.9474002842857203
8,63349306,65232872,0.00022205,7.0804e-05,4.014911675991488e-06,2.7244440741743504e-06,1.93424e-06,0.03373411723604406,0.03373411723604406
8,65232872,66489090,0.0002191,7.0649e-05,-8.967426701084294e-07,1.951605501212599e-06,5.14787e-06,0.08403038861203818,0.7618226021051292
8,66489090,69863057,0.00025706,7.2622e-05,4.1035910286821335e-06,6.499494111229337e-06,4.59135e-08,0.000417995437229845,0.000417995437229845
8,69863057,70867979,0.00012508,6.5506e-05,7.713939753143352e-06,2.0570298965535047e-06,1.05618e-05,0.021214634161968147,0.021214634161968147
8,70867979,72289454,4.3057e-05,6.0665e-05,6.799590864097357e-06,3.375998131282229e-06,0.00048262,0.007050306414073161,0.007050306414073161
8,72289454,73817199,1.8629e-05,5.9147e-05,-1.8972006926436686e-06,2.481687223278392e-06,3.88081e-06,0.14052526045026542,0.4071300898358654
8,73817199,75445064,0.00014146,6.6431e-05,-4.487060714540145e-06,4.636623450477805e-06,1.49099e-09,0.21606376597323945,0.21606376597323945
8,75445064,76456542,0.0001627,6.4082e-05,3.33621561791684e-06,2.082433893158485e-06,0.00011353,0.07327196960440308,0.07327196960440308
8,76456542,79132861,0.0001358,6.6113e-05,1.098862728847708e-06,2.232264898040967e-06,2.27412e-07,0.134463191133261,0.13963878946057964
8,79132861,81956395,0.00012999,6.5785e-05,-1.3004118366795112e-06,4.097671907915601e-06,8.02421e-10,0.13204720508087048,0.13204720508087048
8,81956395,82693739,0.00013281,5.8121e-05,3.5960750553286615e-06,4.312436165542937e-06,7.03621e-05,0.07427762866793466,0.07427762866793466
8,82693739,84225589,0.00017065,6.8048e-05,-8.455627874324114e-07,1.4333824632312475e-06,3.09613e-07,0.26978153154385565,0.6360923420540615
8,84225589,85955619,0.00037219,7.8303e-05,-6.195217274918642e-07,1.59968558619098e-06,1.54474e-10,0.24281668652078675,inf
8,85955619,87411709,0.00060602,8.3146e-05,-4.876874774102057e-06,4.38434914676565e-06,2.54225e-06,0.04207933142152718,0.2612900896787588
8,87411709,89085481,0.00036546,7.7982e-05,-8.260641161171994e-07,2.9564266214462878e-06,4.52348e-06,0.04207933142152718,0.5242152857428353
8,89085481,90638162,0.00094585,0.000102,1.0887733656443599e-06,1.4763445566791487e-06,1.31213e-15,0.05919392225961217,inf
8,90638162,93554386,0.00014832,6.6815e-05,-2.788569892345262e-07,4.963581750518053e-06,4.57496e-06,0.028143892017735418,0.028143892017735418
8,93554386,95005527,0.00027454,7.3513e-05,-3.327970699453574e-06,3.021694202810424e-06,8.95268e-08,0.2481455105524923,0.2481455105524923
8,95005527,96534806,0.00036627,7.8021e-05,1.2689090740770065e-05,5.0402270296862866e-06,1.3843100000000001e-18,0.0004127983210495927,0.0004127983210495927
8,96534806,99401581,8.2845e-05,6.306e-05,7.305721007103919e-06,5.382462424975808e-06,1.64156e-13,0.006858668262185355,0.006858668262185355
8,99401581,101620958,1.6487e-06,5.8068e-05,1.3456496322063075e-05,4.675528670136009e-06,0.000135562,0.002118592274368617,0.002118592274368617
8,101620958,104123306,3.1003e-05,5.9921e-05,-1.3095238043886978e-06,4.58580588937561e-06,5.22693e-06,0.09932008064470566,0.09932008064470566
8,104123306,104988752,0.00022673,6.4661e-05,3.1510075924260567e-06,3.341844781366241e-06,0.000154834,0.01950089994999832,0.01950089994999832
8,104988752,107410754,6.2715e-05,6.186e-05,2.033574516072727e-06,3.013099634665669e-06,2.31021e-05,0.03960214349115282,0.03960214349115282
8,107410754,108648177,9.3875e-05,6.3708e-05,-3.151987141036608e-07,2.01061654132684e-06,0.000405493,0.20833930307844092,0.20833930307844092
8,108648177,109248173,0.00012389,5.0909e-05,-1.0497736767412884e-06,1.5131839288313011e-06,5.00484e-05,0.5769828406280801,0.5769828406280801
8,109248173,110484314,0.00010918,6.291e-05,-2.9941985856440613e-06,3.4942982017549036e-06,0.00029212,0.16575383040984526,0.16575383040984526
8,110484314,111850847,8.5919e-05,5.804e-05,-2.7172733841794967e-06,2.2519668877887084e-06,0.00100863,0.5522133916110865,0.7369522243825553
8,111850847,113064320,0.00022471,6.1295e-05,1.6985169495395085e-07,6.021682923867589e-07,0.00125998,0.07227164135946879,inf
8,113064320,116096495,9.1097e-05,6.3546e-05,1.3531924214231412e-06,1.269752762040176e-06,4.4231e-05,0.07227164135946879,inf
8,116096495,119685457,0.00011115,6.471e-05,-2.48627539356242e-06,4.115750906196075e-06,2.87959e-07,0.049250188362170516,0.049250188362170516
8,119685457,121201700,0.00024921,7.2218e-05,-8.419697187193454e-07,4.087630756870669e-06,3.01442e-06,0.05475434241721428,0.05475434241721428
8,121201700,124861459,0.00014785,6.6788e-05,2.8368262482734405e-06,5.679346541152345e-06,8.03921e-11,0.02785249998044254,0.02785249998044254
8,124861459,125683719,4.3537e-05,6.0695e-05,4.738320529930146e-06,3.559992794320836e-06,0.00057189,0.016992279425502327,0.016992279425502327
8,125683719,126410917,0.00018262,6.7887e-05,-1.4373879119073898e-06,3.0055801837922353e-06,2.03412e-08,0.10079779211698121,0.19305837809017035
8,126410917,128659111,4.9717e-05,6.1073e-05,1.5475190785709385e-06,2.395271022408774e-06,9.44425e-09,0.08755045884812576,0.20647102553503044
8,128659111,130381139,0.00022528,7.0974e-05,3.4332404790199324e-06,1.5664338573197035e-06,2.72987e-07,0.050327532088657305,inf
8,130381139,131639625,0.00011636,6.5009e-05,2.5688120387664383e-06,2.115612823584995e-06,2.16269e-06,0.050327532088657305,0.11333615112747306
8,131639625,133351144,-2.2525e-06,5.7817e-05,4.7175175279514125e-07,2.9193685542482476e-06,8.31883e-05,0.14923587154694629,0.2438831298633088
8,133351144,134570001,0.00014486,6.6622e-05,3.401610748506155e-06,3.85120447422086e-06,3.24182e-07,0.009781442334694784,0.009781442334694784
8,134570001,136035605,0.00021114,7.0229e-05,4.5782509417488894e-06,1.7258324463686317e-06,4.49118e-09,0.012919385884740169,inf
8,136035605,137524151,7.1265e-05,6.2373e-05,5.995654286614831e-07,1.105211432365831e-06,1.93989e-05,0.012919385884740169,inf
8,137524151,139254830,8.684e-05,6.3296e-05,3.649756645836669e-08,1.2133650669028298e-06,8.74997e-05,0.23312976633174776,inf
8,139254830,140725643,1.1994e-05,5.8728e-05,-3.1237424576831275e-07,1.4529115065225178e-06,0.000133438,0.3356802284133131,0.4013602398187128
8,140725643,143044914,2.3521e-05,5.9454e-05,7.132799208799971e-06,4.042089381955586e-06,6.17654e-06,0.0027736700328781995,0.0027736700328781995
8,143044914,144236881,8.6838e-05,6.3295e-05,-2.577404239382522e-06,5.501933993033872e-06,3.11809e-05,0.05786496780114732,0.05786496780114732
8,144236881,146303867,0.00041399,8.0266e-05,7.661012492193879e-06,1.1188323594606735e-05,2.78514e-14,0.03422950957715354,0.03422950957715354
9,10023,1079707,2.4148e-05,5.9493e-05,2.0388350199144084e-06,3.505566707228481e-06,0.000371062,0.011607270195758385,0.011607270195758385
9,1079707,1916877,5.5359e-05,6.1416e-05,-3.7231348064884074e-07,1.4152198306792134e-06,1.90383e-05,0.23895752718859808,inf
9,1916877,3190064,2.2557e-05,5.9394e-05,-1.1145204346634528e-06,2.6204953492570865e-06,0.000793632,0.05833043736236738,0.3712834830013869
9,3190064,4495328,-7.6472e-06,5.7469e-05,8.354958968251571e-07,2.106828290796288e-06,0.000130602,0.05833043736236738,0.8632257375369262
9,4495328,4884926,9.4927e-05,6.377e-05,-2.294402704818436e-06,3.026466769431369e-06,0.000109259,0.24762022669071243,0.24762022669071243
9,4884926,6557589,0.00040974,8.0069e-05,-5.56469263581347e-06,5.8151272489185e-06,2.56937e-10,0.016215459278129268,0.016215459278129268
9,6557589,7154923,0.00016403,6.7684e-05,1.6481224332208953e-06,1.5203080997714053e-06,3.78153e-07,0.10334541845514411,inf
9,7154923,8456299,5.8152e-05,6.1585e-05,-5.869238564108563e-07,1.3263593732716975e-06,6.81454e-06,0.2502612468502523,inf
9,8456299,9166403,0.00012907,6.5733e-05,1.5743821517095036e-07,3.764068032470024e-07,7.53196e-07,0.12510008404145248,inf
9,9166403,10879253,6.6124e-05,6.2065e-05,9.654217749749945e-07,1.0096390182336163e-06,0.00056735,0.12510008404145248,inf
9,10879253,12276489,0.00013676,6.6167e-05,8.95832906905103e-08,1.0333850250624332e-06,6.70092e-06,0.12510008404145248,inf
9,12276489,14836363,9.0832e-05,6.353e-05,-4.07959587492073e-06,3.245462806118365e-06,7.3705e-08,0.32542631201198335,0.3840437841193709
9,14836363,16659655,0.00013779,6.6225e-05,-2.1513529420350108e-07,3.426243040767031e-06,1.33375e-06,0.1506594709592089,0.1506594709592089
9,16659655,18661051,0.00014081,6.6395e-05,4.6202367222561574e-06,2.4304348618660016e-06,1.38252e-11,0.012998209046022412,0.10984601116585122
9,18661051,20463534,6.8204e-05,6.219e-05,-2.171094777939311e-06,4.180500956201609e-06,1.15579e-08,0.012998209046022412,0.18265130902947319
9,20463534,22206559,2.9855e-05,5.9849e-05,-2.649668739164143e-06,3.765186011592604e-06,0.000175877,0.11996121490893566,0.11996121490893566
9,22206559,24158518,6.7736e-05,6.2106e-05,-2.1007180467821363e-06,2.027911186566565e-06,0.000101571,0.5290616173169319,0.9105701835974145
9,24158518,25330810,0.00014074,6.6338e-05,3.069220124443487e-07,1.4461359894961805e-06,1.67511e-06,0.016303910383154648,inf
9,25330810,26111757,7.1803e-05,6.2405e-05,3.245804065730885e-06,9.623594810193657e-07,4.86048e-07,0.016303910383154648,inf
9,26111757,28224283,6.7116e-05,6.2124e-05,3.1736101114671784e-06,4.3012336508579515e-06,1.22525e-07,0.009313366126003213,0.009313366126003213
9,28224283,28811584,0.00051422,8.355e-05,-5.6301001354071696e-08,3.4581276925499724e-07,3.49834e-08,0.38029283658357416,inf
9,28811584,30387392,0.00042687,8.0861e-05,-1.3192008442789854e-07,9.144800174687313e-07,1.52085e-05,0.1120895273697566,inf
9,30387392,31310383,0.00070475,9.0463e-05,6.811713959719314e-07,6.318890849156824e-07,4.35564e-05,0.1120895273697566,inf
9,31310383,32019368,0.00016401,6.0085e-05,5.232340317220426e-07,4.853783870795544e-07,7.28557e-05,0.1120895273697566,inf
9,32019368,33578334,8.2391e-05,6.3033e-05,8.351138152604565e-06,5.4035524834280506e-06,2.94671e-05,0.0005611969024176432,0.0005611969024176432
9,33578334,34642243,0.00025271,6.7897e-05,-3.3856228069970517e-07,5.779719332242946e-06,1.42006e-05,0.05038013232591949,0.05038013232591949
9,34642243,36743283,2.4423e-05,5.9511e-05,2.2282457298233932e-05,9.094258044722923e-06,2.94223e-05,0.0075922185940791925,0.0075922185940791925
9,36743283,38641599,3.0301e-05,5.9877e-05,-7.418607354574083e-06,5.570728481431873e-06,8.6295e-06,0.020693665759521317,0.020693665759521317
9,38641599,65472190,7.9806e-06,4.0324e-05,7.299491808267517e-07,3.283800508987271e-06,0.00410391,0.08877604715188636,0.08877604715188636
9,65472190,72512711,3.4579e-05,6.0143e-05,1.3198704345167382e-05,5.213301020763701e-06,6.27579e-06,0.0004933660851281435,0.0004933660851281435
9,72512711,72753755,9.1713e-05,3.9552e-05,1.3966709432346246e-06,1.1564233674321238e-06,0.000257131,0.06642986596976189,inf
9,72753755,74253040,0.00017063,6.8046e-05,1.9339585090856378e-06,2.7640396163650825e-06,2.03271e-08,0.02890819681052663,0.2969365113221624
9,74253040,76203946,9.2731e-05,6.3641e-05,1.8866147099810418e-06,3.965042362911507e-06,4.95391e-06,0.02890819681052663,0.11763091533604525
9,76203946,76973081,0.00028409,6.4531e-05,1.4074761506080987e-06,9.817144331546182e-07,4.52227e-05,0.07382933423723555,inf
9,76973081,78900183,8.3625e-05,6.3106e-05,1.1095799451082143e-06,3.5507681023714228e-06,1.40129e-19,0.0025438703516004976,0.032193979048841824
9,78900183,79471208,0.00014888,6.6846e-05,5.126545369603385e-06,2.2551765549884264e-06,0.000611415,0.0025438703516004976,0.7082487759243634
9,79471208,81079055,0.00020462,6.9882e-05,9.13862799956652e-06,3.2332937523910936e-06,2.11196e-08,0.0019262228701459843,0.0019262228701459843
9,81079055,82590928,5.4893e-05,6.1387e-05,-7.513458168705746e-07,1.3659248477268717e-06,2.09193e-06,0.3699368518811158,inf
9,82590928,84211233,2.5898e-05,5.9603e-05,-1.2198554917113378e-06,1.2984016061698054e-06,8.49638e-05,0.9194997169397284,inf
9,84211233,85440801,6.4796e-05,6.1985e-05,1.0779593679177487e-06,1.5954722003552926e-06,9.3203e-05,0.12820826406231664,0.12820826406231664
9,85440801,86938196,0.00050212,8.4256e-05,-3.0703153825599406e-06,4.162569041267565e-06,8.067919999999999e-20,0.09378611111378053,0.09378611111378053
9,86938196,88109333,8.4168e-05,6.3138e-05,-1.6511708412068958e-06,1.7793015808498742e-06,1.64808e-05,0.4849538283864626,0.7445860082137878
9,88109333,88590417,3.7575e-05,3.8107e-05,-4.429374025060526e-07,1.3478220675951335e-06,0.00214323,0.3706994204677113,inf
9,88590417,90136246,0.00017001,6.8013e-05,2.7791043998309776e-06,3.2928459609008923e-06,1.31095e-06,0.046500608801124416,0.046500608801124416
9,90136246,92528698,9.4974e-05,6.3772e-05,-8.308939183889296e-07,4.876145869518815e-06,2.54412e-06,0.0679133188731494,0.0679133188731494
9,92528698,94167203,4.9552e-05,6.1063e-05,-1.0921106956115904e-06,2.567207439757417e-06,1.01514e-05,0.23977038883344284,0.23977038883344284
9,94167203,96671698,0.00050827,8.4527e-05,5.153894358732619e-06,6.697364667122959e-06,1.02245e-26,0.031855222911919966,0.031855222911919966
9,96671698,98922040,0.00024156,7.1823e-05,2.5488474445826166e-06,4.58822111103519e-06,1.00348e-08,0.03662320071905145,0.03662320071905145
9,98922040,101592859,1.8236e-05,5.9122e-05,-2.408990719204518e-06,7.098717405266559e-06,3.52237e-05,0.07444025936505776,0.07444025936505776
9,101592859,104624437,0.00018617,6.8892e-05,-4.688657161904847e-06,6.500573996868302e-06,2.19152e-08,0.031481425117844526,0.031481425117844526
9,104624437,105967976,8.3456e-05,6.3096e-05,-5.507240672041346e-07,1.3903128235646987e-06,1.23469e-05,0.2651132160518606,inf
9,105967976,107581749,0.00012353,6.5418e-05,-6.084022974070961e-07,4.065461544280232e-06,3.12952e-05,0.047481957829179536,0.047481957829179536
9,107581749,109298754,0.00018466,6.881e-05,4.279797795055982e-06,3.5121547413944243e-06,1.52812e-08,0.022975374970878013,0.022975374970878013
9,109298754,110695062,0.00010446,6.4324e-05,-4.336238260107224e-07,2.041171039662777e-06,1.15965e-05,0.17947219432213213,0.17947219432213213
9,110695062,112778024,9.8726e-05,6.3991e-05,-9.80729142423276e-07,4.639053113603482e-06,1.98862e-06,0.07772971083159928,0.07772971083159928
9,112778024,114831082,0.00010013,6.4073e-05,4.968324510862306e-07,5.399362073640623e-06,1.54482e-07,0.05513086005171272,0.05513086005171272
9,114831082,115693145,0.00028783,7.2047e-05,-3.8716433167742325e-06,3.4907459439065842e-06,8.32393e-05,0.23405309715315048,0.33096274889045046
9,115693145,117019801,6.7387e-05,6.2141e-05,1.7719674333724477e-05,5.8531608650409514e-06,1.73213e-05,0.0023553332797883464,0.006772560569336629
9,117019801,117921960,0.00020754,6.9938e-05,1.9619088182488333e-07,4.272912502947909e-06,2.24272e-09,0.0023553332797883464,0.019362004415815717
9,117921960,121321537,9.6999e-05,6.389e-05,1.4706769591216058e-05,3.2028465751680057e-06,6.40071e-13,0.0007368435841900486,0.0007368435841900486
9,121321537,122260297,0.00022783,7.1108e-05,-8.636774497845358e-07,1.3141924099085703e-06,4.11264e-05,0.790480547406557,inf
9,122260297,124871322,9.1349e-05,6.356e-05,-8.582793077541366e-07,5.213569409005606e-06,9.9803e-06,0.0455892861863794,0.05786477284606066
9,124871322,126971887,0.00010522,6.4368e-05,3.1503020196993624e-06,7.335905369833042e-06,1.5999e-08,0.03069956143125397,0.03069956143125397
9,126971887,129059665,0.00037746,7.8553e-05,1.8003211503286858e-06,5.487744568455749e-06,2.65548e-20,0.01356184285554019,0.01356184285554019
9,129059665,130055510,0.00042632,8.0836e-05,2.5374999173996702e-05,3.4147401623587565e-06,5.42071e-14,2.4333031757293746e-07,2.4333031757293746e-07
9,130055510,132165470,0.00028207,7.3893e-05,2.583552978587017e-06,1.0724772745186115e-05,8.09578e-09,0.01517916781198408,0.01517916781198408
9,132165470,133223217,0.00015718,6.7306e-05,8.136658177444935e-06,5.074152386066686e-06,2.28623e-06,0.008344764378322142,0.02878380840557549
9,133223217,134127888,2.8742e-05,5.978e-05,-1.3764886511595282e-06,4.361075787090787e-06,9.76073e-10,0.008344764378322142,0.19051076266347963
9,134127888,135298842,0.00022585,7.1004e-05,2.3715324200537374e-06,4.27371832297223e-06,1.37221e-12,0.02883663376518716,0.02883663376518716
9,135298842,137041122,0.00016597,6.7791e-05,3.7719998389260587e-07,7.968128742574898e-06,1.03957e-20,0.0081855973550764,0.0081855973550764
9,137041122,137589364,0.00030046,7.4815e-05,-1.5542917826471359e-06,1.6258465745085437e-06,6.17017e-07,0.9569771085691039,0.9569771085691039
9,137589364,138938978,6.6471e-05,6.2086e-05,-1.0785089652232615e-06,5.452836142233483e-06,1.12456e-08,0.03664963833829523,0.03664963833829523
9,138938978,139500342,0.0003672,7.8066e-05,6.421034574981736e-06,5.004096390676974e-06,3.02382e-15,0.04511770028802724,0.04511770028802724
9,139500342,141144796,2.519e-05,5.9558e-05,2.163596469141411e-05,1.096377617680164e-05,8.03579e-05,0.00936370941971445,0.00936370941971445
10,60523,751339,0.00012666,4.8685e-05,-1.012529210921375e-06,2.0234137588668316e-06,4.4316e-06,0.4191948303749826,0.4191948303749826
10,751339,1523544,9.6318e-05,6.3851e-05,-1.8404444116326477e-06,3.212267797097622e-06,3.30676e-05,0.15447927219553326,0.15447927219553326
10,1523544,2254500,4.9136e-05,6.1037e-05,-6.180093049646312e-07,1.0419178293095212e-06,2.77578e-07,0.6880861855346623,inf
10,2254500,3352699,-1.8842e-05,5.6739e-05,-1.5682926284042522e-06,1.6280116165525007e-06,8.9522e-06,0.6880861855346623,0.8366315069740371
10,3352699,4572274,0.00013821,6.6249e-05,1.4201063683355413e-06,1.677506971315403e-06,2.16772e-07,0.12365240573034154,0.1278059243729145
10,4572274,5983762,0.00019602,6.9422e-05,-7.804262325300601e-06,5.229314761448307e-06,1.33856e-10,0.12365240573034154,0.1245229713142505
10,5983762,7171484,-2.5784e-05,5.6281e-05,-2.982092403422111e-07,3.224273900782644e-06,7.39017e-05,0.10164024566970363,0.21420694056751755
10,7171484,8774665,9.4036e-06,5.8563e-05,7.855794173547064e-07,3.3689606213596435e-06,1.05854e-05,0.10164024566970363,0.14227549784982424
10,8774665,10249396,0.00015527,6.7201e-05,-6.675374800918748e-07,9.179205568843943e-07,8.56544e-06,0.5214280733585219,inf
10,10249396,12586797,1.5694e-05,5.8962e-05,-1.4367669637655446e-06,4.169268063492768e-06,1.62689e-05,0.09477018390421842,0.09477018390421842
10,12586797,13321600,8.6965e-05,6.3303e-05,2.510283681202433e-06,3.054990123720131e-06,4.1702e-06,0.03071515226095309,0.03071515226095309
10,13321600,15026068,-2.2444e-05,5.6502e-05,5.961823527002547e-07,4.44933791243688e-06,1.96358e-05,0.06133224165655131,0.07027902328129441
10,15026068,16551767,0.00011806,6.5106e-05,4.507011795378593e-06,4.104114918861918e-06,5.23012e-05,0.03134381942243172,0.03134381942243172
10,16551767,18537267,8.5707e-06,5.851e-05,1.980821804287796e-06,4.492230221437835e-06,6.30951e-05,0.0143356737055172,0.0143356737055172
10,18537267,19716878,0.0004084,8.0007e-05,-7.354715644627589e-07,2.3960898151606917e-06,2.94259e-10,0.21912259858741956,0.33068895217055444
10,19716878,22772283,0.00018595,6.888e-05,-3.2130237833573115e-06,4.499412090139336e-06,2.2202e-10,0.1716423059783921,0.1716423059783921
10,22772283,23175132,0.00053107,7.4735e-05,1.0059799444078452e-06,1.5366551204358305e-06,8.31402e-08,0.08295905266359087,0.2663815281764502
10,23175132,25578596,0.00038547,7.8932e-05,4.466236521212366e-07,4.402353804914448e-06,8.67103e-13,0.008533095400579357,0.008533095400579357
10,25578596,26888684,3.1393e-05,5.9945e-05,-1.3644985898663386e-06,2.714865825317726e-06,0.000933981,0.2977763454119462,0.2977763454119462
10,26888684,29323236,0.00018954,6.9073e-05,2.5936283353609385e-06,5.156142554425131e-06,7.75326e-07,0.006851848813663025,0.006851848813663025
10,29323236,29783692,2.5901e-05,5.9603e-05,7.5685957340940315e-06,1.4408507054098981e-06,1.37384e-05,0.003935441815216004,0.003935441815216004
10,29783692,30458838,5.9689e-05,6.1678e-05,3.782206240797511e-07,1.8027013564712563e-06,0.000565686,0.11982546117760945,inf
10,30458838,31907519,0.00010824,6.4542e-05,-2.0728809122983414e-06,3.167489299480054e-06,4.03608e-06,0.2543080193737456,0.2651716617380723
10,31907519,33707968,0.0002341,7.1435e-05,-3.342753431024384e-06,3.274891184230668e-06,3.67431e-07,0.2543080193737456,0.3463645014540966
10,33707968,35109355,0.00046882,8.2771e-05,-1.5973504779005178e-06,1.6773269283543298e-06,5.03085e-13,0.4757740640442981,0.7645620723103929
10,35109355,36572508,1.8898e-05,5.9164e-05,-8.364582782656986e-07,3.1350202366047415e-06,0.000330103,0.062263901163793066,0.062263901163793066
10,36572508,37790029,7.2079e-05,6.2421e-05,1.5380700253233122e-06,1.3460460846224583e-06,0.000263227,0.10579334191358387,inf
10,37790029,42372579,6.7532e-05,4.433e-05,-3.485403191659765e-06,3.0136371289894084e-06,0.00135308,0.10579334191358387,0.4159483817477422
10,42372579,43894771,0.00022614,6.8987e-05,-1.38792390805076e-07,3.263453088583871e-06,4.89602e-13,0.1601674152902469,0.1601674152902469
10,43894771,44730075,2.5429e-05,5.8753e-05,-1.2857266683917117e-06,2.729493491471188e-06,0.000106443,0.18947754074956413,0.18947754074956413
10,44730075,48760450,3.3008e-05,6.0045e-05,8.167803906478427e-06,5.432647445454296e-06,0.000107856,0.002019514439490142,0.002019514439490142
10,48760450,50840915,4.5154e-05,6.0794e-05,2.1771641885200034e-05,4.613853053793157e-06,1.12777e-07,6.534690922056004e-05,6.534690922056004e-05
10,50840915,53616629,0.00015305,6.7078e-05,5.203298494708278e-06,5.007486941628756e-06,1.62893e-06,0.019557512661233883,0.019557512661233883
10,53616629,55103572,3.8185e-05,6.0365e-05,4.8874570163295985e-06,1.8355268617283829e-06,1.22687e-05,0.00915700591293166,0.00915700591293166
10,55103572,57031140,6.3088e-05,6.1883e-05,-1.1790255480457298e-06,1.3084712336468943e-06,0.000224859,0.884719492810753,inf
10,57031140,57662146,8.6574e-05,4.6125e-05,-2.855557206525663e-07,3.651562062085603e-07,0.00341355,0.5599678913431266,inf
10,57662146,58959528,0.00018538,6.5014e-05,-4.932735917975489e-07,1.0565764161277855e-06,0.00152644,0.5599678913431266,inf
10,58959528,60289987,0.00014963,6.6887e-05,-1.4170934422398904e-06,2.8540393358373198e-06,0.000334495,0.28466335092594336,0.28466335092594336
10,60289987,61891409,0.000156,6.7241e-05,2.4958004516467346e-06,3.1997015321356304e-06,1.58162e-11,0.02242200063391025,0.02242200063391025
10,61891409,62659679,9.1866e-05,6.0632e-05,-4.3737549643628537e-07,1.992788388897794e-06,0.000648736,0.2259718731037131,0.2532692995469452
10,62659679,63341695,0.00061849,7.949e-05,-3.7128360155322275e-07,1.9059141546502542e-06,1.38608e-11,0.2259718731037131,0.6260660300215448
10,63341695,65794114,0.0004528,8.2047e-05,7.241811466683882e-06,4.059843567378567e-06,1.93393e-17,0.013518789646952023,0.013518789646952023
10,65794114,67549615,0.00035604,7.7532e-05,-7.376062723173318e-07,1.0712172427982448e-06,8.5563e-07,0.5920030507929804,inf
10,67549615,69900148,7.5602e-05,6.2631e-05,1.7765451213777574e-06,3.1028500067001008e-06,9.57745e-05,0.06356446367326414,0.06356446367326414
10,69900148,70195991,0.00025696,5.5525e-05,1.1754759630061746e-06,2.990285710446259e-06,5.72094e-06,0.09942975946082311,0.09942975946082311
10,70195991,72220850,0.000116,6.4988e-05,-1.6952732510174897e-06,7.271161827912949e-06,3.44903e-11,0.008536037772030233,0.008536037772030233
10,72220850,73508512,0.00028619,7.4101e-05,-1.9326690841700302e-06,4.563750585895094e-06,2.66523e-26,0.01592393413299323,0.01592393413299323
10,73508512,75422550,7.8812e-05,6.2822e-05,1.0790868046258171e-06,7.052102382127201e-06,6.41167e-06,0.007560291724260948,0.04033141836341597
10,75422550,78706814,0.00039337,7.9304e-05,1.2243034607776801e-05,6.43031736218697e-06,1.9207300000000003e-24,0.007560291724260948,0.009083970013160457
10,78706814,80876749,6.4932e-05,6.1993e-05,4.489355733870595e-06,2.8808815587741725e-06,3.13156e-06,0.030816338367529412,0.030816338367529412
10,80876749,82414679,0.0002036,6.9828e-05,1.9340615733016844e-06,5.560756529792682e-06,5.51209e-06,0.019280454350665093,0.019280454350665093
10,82414679,84383745,7.0362e-05,6.2319e-05,-1.2608224212727886e-06,1.550750636912396e-06,1.28555e-06,0.6331867226563619,inf
10,84383745,85458703,9.7394e-05,6.3913e-05,1.9115335127091088e-07,8.587606204880186e-07,0.00319916,0.14540983482716338,inf
10,85458703,87937577,6.9124e-05,6.2245e-05,-1.83591445280337e-06,3.832753273894295e-06,1.31077e-07,0.13362050787683488,0.13362050787683488
10,87937577,89127064,0.00010606,6.4363e-05,1.0627997855582814e-05,4.74616611252104e-06,0.000260528,0.01481100326532176,0.01481100326532176
10,89127064,91013381,8.9574e-06,5.8535e-05,1.4764357281426828e-05,5.720743417243183e-06,0.000223193,0.00036186222355236804,0.00036186222355236804
10,91013381,92006581,9.5343e-05,6.3794e-05,5.41201770075794e-06,4.277087424781048e-06,0.000646854,0.006279899966815526,0.006279899966815526
10,92006581,93335047,0.00010194,6.4178e-05,-2.4684930493804344e-07,3.2076507238108196e-06,8.59942e-08,0.08633947467786598,0.08633947467786598
10,93335047,95396368,8.8772e-05,6.3409e-05,-1.514061260427888e-06,5.70284411477324e-06,8.15085e-07,0.10109469707236056,0.10109469707236056
10,95396368,96221243,0.0017054,0.00012439,1.5428555060475056e-05,3.3779703690876993e-06,7.18849e-50,2.2550913482201027e-05,2.2550913482201027e-05
10,96221243,97822357,0.00073719,9.4072e-05,-4.178350296967096e-06,5.028805487414763e-06,1.83308e-13,0.06115399103703577,0.06115399103703577
10,97822357,100241302,0.00013703,6.6183e-05,2.570063550801353e-05,8.039172342117693e-06,4.17023e-18,7.072826922497982e-07,7.072826922497982e-07
10,100241302,100668400,0.00016734,5.048e-05,-2.1784429611892318e-07,1.3062614771334748e-06,0.000268428,0.3516762339645694,inf
10,100668400,102949239,0.00025822,7.2682e-05,3.3696167237586295e-06,7.86162700225028e-06,1.02357e-14,0.005851867908551749,0.005851867908551749
10,102949239,104380410,0.00055275,8.6021e-05,-1.4007117330589923e-06,7.14416639387348e-06,1.03409e-11,0.011482693358044953,0.011482693358044953
10,104380410,106695048,0.00033173,7.6355e-05,-6.314991821833905e-06,7.671362151463474e-06,3.67579e-10,0.013516643927846652,0.04615054215957204
10,106695048,108726686,0.00019891,6.9577e-05,3.832159539839616e-06,1.2875319341371473e-06,7.40932e-07,0.013516643927846652,inf
10,108726686,110317705,3.4584e-05,6.0143e-05,1.4265531224501235e-08,8.354988244792634e-07,0.000435048,0.043844291687718605,inf
10,110317705,112561493,0.00010954,6.4617e-05,-3.2742633315831326e-07,3.68380648701921e-06,8.30483e-09,0.043844291687718605,0.2361331250287875
10,112561493,115328432,9.6238e-05,6.3846e-05,3.4824265839138845e-06,4.704913114251507e-06,1.29023e-06,0.09348645708765962,0.09348645708765962
10,115328432,116421406,6.0116e-05,6.1703e-05,-4.7870920142906555e-06,4.6764331007066745e-06,0.000913101,0.12112075245707332,0.12112075245707332
10,116421406,119523934,4.4735e-06,5.8249e-05,-3.2720734676056434e-06,5.932904547367856e-06,6.02365e-06,0.07292435272261254,0.07292435272261254
10,119523934,120591353,6.2872e-05,6.1869e-05,4.196118949161679e-07,2.7372179309620887e-06,3.25813e-05,0.0780282605704424,0.09013979463866205
10,120591353,122407323,3.68e-06,5.8198e-05,5.731519621346832e-06,5.124625474541549e-06,3.02893e-07,0.004187366928082787,0.04976921235285118
10,122407323,123231465,3.785e-05,6.0345e-05,-5.784266216643408e-07,1.6412257811868539e-06,1.99571e-05,0.004187366928082787,0.7031881428163194
10,123231465,123900545,0.00016555,6.7768e-05,-2.647932832180858e-06,2.2771882476049257e-06,2.32063e-09,0.6680421790562396,0.6680421790562396
10,123900545,125869346,9.3962e-05,6.3713e-05,2.775197737006744e-05,6.1630526372604825e-06,1.52197e-10,2.3065024454111e-05,2.3065024454111e-05
10,125869346,128001098,0.00017333,6.8194e-05,1.4619316276020112e-05,5.676905559854459e-06,4.83989e-09,0.0009582244749545162,0.0009582244749545162
10,128001098,129154362,5.6294e-05,6.1472e-05,3.993999837803494e-06,2.2689454462072697e-06,1.12477e-05,0.009838336983970467,0.009838336983970467
10,129154362,130844284,5.6274e-05,6.1471e-05,8.03620781882631e-07,2.9129274926182153e-06,1.0377e-09,0.005288422201133103,0.24679477765441216
10,130844284,131741327,0.00025211,7.2368e-05,4.820729813414653e-06,1.4992294638624363e-06,2.44018e-08,0.005288422201133103,inf
10,131741327,132580245,0.00010134,6.4143e-05,-1.3604355861296564e-06,1.512625290789407e-06,0.000546232,0.6346880913088739,0.819962011614474
10,132580245,134336329,1.9748e-05,5.9217e-05,-3.181736331073578e-06,3.993534451634667e-06,1.0796e-08,0.0812941431620388,0.0812941431620388
10,134336329,134494673,9.7782e-05,3.5652e-05,-2.2114850397515212e-07,1.076840843810835e-06,0.000186529,0.3995879331937402,inf
10,134494673,135523865,0.00010817,6.4538e-05,1.0417719107137511e-06,6.31997770935194e-06,0.000215389,0.039704489193624105,0.039704489193624105
11,70855,1213590,0.00037731,7.8546e-05,-8.684672928143479e-06,9.466302484752226e-06,1.82376e-09,0.03909738075607786,0.03909738075607786
11,1213590,3665481,7.2441e-05,6.2443e-05,1.2389323252650002e-05,8.701828904459869e-06,7.12814e-12,0.009150957347479068,0.009150957347479068
11,3665481,4746709,4.5468e-05,6.0813e-05,8.626716574771605e-06,5.441140530539223e-06,0.000808684,0.0020089139953761476,0.0020089139953761476
11,4746709,6322869,-2.7821e-05,5.6146e-05,-1.5342827268196966e-05,9.999512946805852e-06,3.97034e-05,0.06026963693721713,0.06026963693721713
11,6322869,7436701,6.2797e-05,6.1865e-05,-1.2221619868109916e-05,7.255305025538965e-06,1.28482e-09,0.06524809889905346,0.06524809889905346
11,7436701,8333274,-1.7478e-05,5.6828e-05,-1.4922082601246885e-06,4.604496041796851e-06,0.000657052,0.05266260976343756,0.05266260976343756
11,8333274,9087317,0.00038739,7.8802e-05,8.485902550044903e-07,4.3339148513112125e-06,1.64559e-05,0.021196104431826027,0.021196104431826027
11,9087317,10952027,0.00029951,7.4767e-05,-2.735838861561288e-06,5.290040977212164e-06,4.78476e-19,0.05016291421555311,0.05016291421555311
11,10952027,12564229,2.3069e-05,5.9426e-05,-4.194858377384071e-06,3.7238446906131247e-06,2.02813e-08,0.27571521525859394,0.3900551736342355
11,12564229,13373124,0.00040391,7.9797e-05,1.5544169699315558e-06,2.0040092840507657e-06,7.56877e-10,0.06436122218248977,0.6093400131262625
11,13373124,15742552,4.7657e-05,6.0947e-05,4.32285244677096e-06,4.722421652042656e-06,2.52087e-06,0.008315778256428786,0.13600533764530104
11,15742552,17578402,0.00053144,8.5542e-05,-1.7409326619021836e-06,4.518312258870636e-06,3.49932e-13,0.008315778256428786,0.13345702800819706
11,17578402,19569535,9.1789e-05,6.3586e-05,9.223534841981123e-06,6.865022947220283e-06,3.79976e-05,0.009550346290559784,0.009550346290559784
11,19569535,21017138,2.2293e-06,5.8105e-05,-1.902816652607836e-06,3.1242692772367492e-06,0.000123009,0.2218569079497098,0.4327820066516046
11,21017138,22374142,2.5378e-05,5.957e-05,-1.790292137923435e-06,1.9219204829934487e-06,0.000125688,0.5813940452592927,0.7897282695936914
11,22374142,24088517,-1.0198e-05,5.7303e-05,-3.3967607285075575e-06,3.048025981263058e-06,1.02862e-05,0.28805873956883193,0.28805873956883193
11,24088517,26045753,-7.4829e-06,5.7479e-05,-1.2642151521553581e-06,1.4048258617009716e-06,0.000139323,0.6885146878431256,inf
11,26045753,27020461,0.00013143,6.5867e-05,1.8053639691494886e-06,2.439429524984491e-06,0.00084048,0.08336290914528331,0.08336290914528331
11,27020461,28481593,0.00037178,7.8284e-05,1.2096385856596546e-05,3.550727048940921e-06,3.70908e-28,0.012930409057846839,0.012930409057846839
11,28481593,30141357,0.0013726,0.00011654,1.0683120108293788e-05,1.7213608115508003e-06,3.75528e-12,0.0014954396965862194,inf
11,30141357,32276901,0.00047076,8.2858e-05,-3.540097414157299e-07,4.3032760503184015e-06,1.67301e-12,0.0014954396965862194,0.15188106158721965
11,32276901,33958739,8.4011e-05,6.3129e-05,2.387826305390992e-06,5.278291576757793e-06,2.29942e-07,0.0714687095689849,0.0714687095689849
11,33958739,35502605,0.00013095,6.584e-05,-3.5125838887618655e-06,4.5802416174151566e-06,3.40595e-05,0.14185851612556763,0.14185851612556763
11,35502605,37116815,2.4374e-05,5.9507e-05,6.571710476091157e-08,4.1195347290419936e-06,2.16979e-07,0.0427885650628369,0.0427885650628369
11,37116815,39382003,0.00024216,7.1854e-05,1.1943389203678462e-07,1.1349187007980027e-06,5.60585e-05,0.24934933894499478,inf
11,39382003,42310003,6.7882e-05,6.217e-05,-7.199152443547589e-07,1.1794004743336892e-06,0.000363968,0.5759372967219982,inf
11,42310003,44693799,1.5546e-05,5.8952e-05,-6.054238934649055e-06,4.388905507371967e-06,9.30584e-06,0.19953988567100045,0.2785072266333514
11,44693799,47006137,6.097e-05,6.1755e-05,9.55860255429482e-06,7.013585905843982e-06,1.59192e-05,0.004139605668055942,0.004139605668055942
11,47006137,49866050,0.00026227,7.2026e-05,1.4289162356419109e-05,7.27660726803948e-06,2.04106e-05,0.00011019832795956275,0.00011019832795956275
11,49866050,55082657,3.6363e-05,2.4651e-05,1.3361651085162573e-06,1.7337548026271995e-06,0.000160246,0.13921460020450221,0.13921460020450221
11,55082657,58457495,9.4262e-05,6.3731e-05,6.624573131917364e-06,1.0508733898765659e-05,1.35176e-07,0.00422472686440288,0.00422472686440288
11,58457495,58780549,0.00030217,5.2225e-05,1.445883015161405e-06,2.0485631468345673e-06,0.000767975,0.09997274021320571,0.2048273943243086
11,58780549,62223771,5.2668e-05,6.1252e-05,2.032318641704085e-05,1.2054527165870407e-05,1.5511e-07,0.0011859487103980674,0.0011859487103980674
11,62223771,63804569,0.00035738,7.7596e-05,5.1141113857605144e-06,9.801547503179334e-06,6.75165e-17,0.02850299053183656,0.02920029783026229
11,63804569,65898631,0.00068349,9.1922e-05,5.797434008409307e-06,1.3203789303025243e-05,5.11022e-20,0.005678145631756913,0.005678145631756913
11,65898631,68005825,0.00024911,7.2213e-05,2.253389337211416e-05,1.1174388503111538e-05,1.59498e-06,8.705078667284614e-05,8.705078667284614e-05
11,68005825,69516130,0.00055138,8.6405e-05,4.175356820878593e-06,5.133065984972988e-06,2.16637e-14,0.006850525256882767,0.11755567606719168
11,69516130,70926292,3.2159e-06,5.8168e-05,-5.424769810108739e-06,3.905393680728147e-06,5.7289e-05,0.2567662016613576,0.454303081903923
11,70926292,72286017,3.2502e-05,5.2632e-05,5.495063725479797e-06,6.553868096030391e-06,0.000209917,0.009533030050484885,0.009533030050484885
11,72286017,74412351,8.5066e-05,6.3191e-05,3.8001435319373824e-06,7.093010117558642e-06,3.62655e-05,0.0072807582652174895,0.0072807582652174895
11,74412351,76797209,5.7167e-05,6.1525e-05,5.432817535775554e-06,7.095768769210589e-06,3.50611e-08,0.010509574832165391,0.04878614551471342
11,76797209,78355058,0.0019673,0.0001342,5.435725823265852e-07,5.8300599512036364e-06,1.6541399999999994e-20,0.010509574832165391,0.08539460788551935
11,78355058,80722373,0.00010152,6.4154e-05,-7.683337410306126e-07,1.524202622491139e-06,1.00033e-07,0.2083432350886092,0.46274466637049627
11,80722373,81266712,0.00010901,6.1619e-05,1.667150434904463e-07,4.04477656046248e-07,0.000756031,0.2083432350886092,inf
11,81266712,84381272,9.9925e-05,6.4061e-05,1.5237326494329567e-06,3.7421955835114314e-06,8.8552e-06,0.03559655158024713,0.03559655158024713
11,84381272,86619301,0.00013845,6.6262e-05,-4.676523810104959e-06,4.97901196114284e-06,7.86327e-11,0.058472711374234175,0.058472711374234175
11,86619301,87430235,0.00027092,7.2281e-05,-1.0504808265182563e-06,2.0262224068294074e-06,4.97805e-05,0.1896601276946516,0.40549563019639545
11,87430235,89208936,0.00015299,6.7074e-05,1.419997055038065e-06,2.8780337143187346e-06,3.8064e-05,0.05041461471299579,0.05041461471299579
11,89208936,90966490,0.00016866,6.7887e-05,-3.1401171115392865e-06,3.480679713007392e-06,8.96342e-05,0.06283456850974348,0.6597353188420072
11,90966490,92077144,0.00033196,7.6366e-05,3.5889602456346123e-06,9.817645037882609e-07,2.60768e-05,0.0165247617015877,inf
11,92077144,93276157,0.00030248,7.4915e-05,1.0137336319383728e-06,2.671423359274077e-06,2.0648e-05,0.0165247617015877,0.12749253444252973
11,93276157,94242260,0.00017891,6.4428e-05,9.33334072422957e-06,4.675072162894784e-06,0.000104662,0.0014052175724411449,0.0014052175724411449
11,94242260,95726041,6.9473e-05,6.2266e-05,9.309193645204211e-07,4.702645223642556e-06,4.773e-06,0.05976585017511793,0.05976585017511793
11,95726041,97057058,5.7849e-05,6.1566e-05,-6.156487810604094e-07,2.1709866830686234e-06,6.86211e-05,0.17110207011022033,0.3098966939951829
11,97057058,98705065,-4.3379e-05,5.5042e-05,4.4935427123693874e-08,8.55645668849579e-07,2.46449e-05,0.17110207011022033,inf
11,98705065,100417169,-6.9829e-06,5.7512e-05,-6.09826233246358e-07,1.0737049148483128e-06,0.000617199,0.30166065796790953,inf
11,100417169,101331121,0.00014638,6.6706e-05,-7.301806668800558e-07,1.6933360877662962e-06,0.000215711,0.30166065796790953,0.5587282480073992
11,101331121,103959636,0.00014094,6.6402e-05,1.6819704961078875e-05,6.178180233504092e-06,7.12253e-08,0.00012026867965899522,0.00012026867965899522
11,103959636,104873284,5.9764e-05,5.0092e-05,6.382541693995493e-08,1.9787225755820366e-06,6.14765e-06,0.29116551422397974,0.29116551422397974
11,104873284,106520894,5.5215e-05,6.1407e-05,8.003627667913663e-07,4.166363086265925e-06,0.000146034,0.0692025596119588,0.0692025596119588
11,106520894,107844200,8.9436e-05,6.3393e-05,9.53495765327359e-06,3.208454449088318e-06,1.56461e-06,0.025694785842790294,0.025694785842790294
11,107844200,108437037,0.00024146,5.4794e-05,4.203290487146665e-06,3.553629868518009e-06,6.30182e-10,0.02482575942871465,0.02482575942871465
11,108437037,109866116,0.00018266,6.8702e-05,-1.2171022727118566e-06,1.9014865541922437e-06,4.78215e-05,0.1750561067999485,0.83728188891383
11,109866116,111114397,0.00014066,6.6386e-05,-3.5576583058550896e-07,2.850544327154479e-06,3.44372e-06,0.08284176293842824,0.08284176293842824
11,111114397,112459488,0.00014925,6.6866e-05,1.348170364543155e-06,6.950789418595356e-06,7.04943e-05,0.02806827319254527,0.02806827319254527
11,112459488,114257728,2.939e-05,5.982e-05,-8.709124615218492e-06,5.0861749577004355e-06,2.39787e-06,0.24129195015962585,0.24129195015962585
11,114257728,114830666,8.4656e-05,5.1371e-05,-3.1945736937325006e-06,3.1308581917645857e-06,0.000165598,0.30366847578898737,0.30366847578898737
11,114830666,116383348,7.1574e-05,6.2391e-05,-1.4801504917630093e-06,1.9045751217884388e-06,8.37637e-11,0.5341438195176811,0.5341438195176811
11,116383348,117747110,-1.6163e-06,5.7858e-05,-9.407854251050265e-06,5.686933061374966e-06,8.36917e-05,0.18106949008143458,0.18106949008143458
11,117747110,119215476,9.9985e-05,6.4064e-05,8.054110739245342e-07,9.53147715674311e-06,6.11952e-06,0.03126307523712021,0.03126307523712021
11,119215476,120766806,5.0953e-05,6.1148e-05,-3.5762303607557937e-06,4.449030100280769e-06,4.01093e-05,0.1355613134434024,0.1355613134434024
11,120766806,121175943,9.1987e-05,5.1899e-05,1.0784512880637848e-06,2.1083401661526785e-06,0.000310236,0.13992978927132801,0.1403572161600603
11,121175943,122591910,0.00012327,6.5404e-05,3.5113685754853067e-06,2.094034511707334e-06,3.98682e-09,0.0825925058894344,0.0825925058894344
11,122591910,123500117,4.7459e-05,6.0935e-05,3.1593728327414388e-06,3.5270060276755374e-06,6.54332e-05,0.03619604459212356,0.03619604459212356
11,123500117,124495528,0.00012033,6.3129e-05,4.6634735422684665e-06,6.329105102815037e-06,9.27461e-05,0.008221427509695541,0.008221427509695541
11,124495528,126311320,8.5031e-05,6.3189e-05,1.1787656628479362e-05,8.083609672869364e-06,3.38724e-07,0.009485564860664611,0.009485564860664611
11,126311320,127316679,4.788e-05,6.0961e-05,-1.222843697577819e-06,1.465057075540675e-06,0.000270223,0.6248460908027489,inf
11,127316679,128188537,6.3525e-05,6.0835e-05,-7.771354018019838e-07,1.0108696619654908e-06,6.13095e-05,0.6248460908027489,inf
11,128188537,130342575,4.4859e-05,6.0776e-05,2.7099892007095344e-05,5.383491823152925e-06,2.40851e-22,3.3469993150161305e-06,3.3469993150161305e-06
11,130342575,131074612,0.0001126,6.4793e-05,-1.063645406966745e-06,1.4890492261548648e-06,7.47327e-06,0.47860262931652997,1.0
11,131074612,133000046,7.5493e-05,6.2624e-05,1.4448413506797852e-06,1.8124748146120227e-06,2.22755e-05,0.11757247984835689,0.11757247984835689
11,133000046,134205993,8.4767e-05,6.3174e-05,1.9938179313828244e-06,4.077584984254243e-06,2.69451e-05,0.08286121295734813,0.08286121295734813
11,134205993,134946452,7.9487e-05,6.2862e-05,-1.084594484425893e-06,1.8282429058986793e-06,1.06025e-05,0.396865714212847,0.396865714212847
12,61107,1080331,0.0003116,7.5367e-05,-2.1328153061900125e-07,4.085250623838996e-06,4.3781e-11,0.06743670722608079,0.06743670722608079
12,1080331,2544786,0.00010879,6.4574e-05,7.074142437215719e-06,4.012696652122443e-06,3.59557e-06,0.0010545500080427564,0.0010545500080427564
12,2544786,3677037,0.0002691,7.3237e-05,-1.1713277345573357e-06,4.284795105787704e-06,9.27923e-16,0.05552794736134016,0.05552794736134016
12,3677037,4417679,-1.0099e-05,5.731e-05,-8.880505876897444e-07,2.463461708150505e-06,5.42684e-08,0.2288910022771525,0.2288910022771525
12,4417679,5321472,-1.8689e-05,5.6749e-05,9.295289324412887e-07,4.67715219704699e-06,3.86402e-05,0.07624770592704329,0.07624770592704329
12,5321472,6419753,3.9259e-05,6.0432e-05,2.9061630838230164e-07,3.048340833594783e-06,5.59216e-07,0.026086153343124655,0.28514648251151187
12,6419753,9031395,0.00032606,7.1612e-05,4.7466271850824996e-06,1.1614361579432612e-05,2.68238e-12,0.001383567916305707,0.001383567916305707
12,9031395,10481534,7.7204e-05,5.7357e-05,-4.4581487376536467e-07,6.867153280445457e-06,2.14334e-08,0.011449889727117434,0.011449889727117434
12,10481534,11754846,5.1724e-05,6.1195e-05,9.126142438666981e-06,5.500858934714569e-06,0.000683578,0.012973817185885996,0.012973817185885996
12,11754846,12733528,4.516e-05,6.0794e-05,1.406163996255136e-06,3.507374110056081e-06,1.65759e-08,0.0808949659447134,0.0808949659447134
12,12733528,15241484,5.543e-05,6.142e-05,-1.7007311150818467e-06,7.104838767352774e-06,1.85016e-07,0.031615607548187895,0.031615607548187895
12,15241484,16310460,0.00016151,6.4981e-05,5.2410273081470185e-06,3.2252750991273847e-06,9.37404e-05,0.009970193124882676,0.009970193124882676
12,16310460,18087873,0.00011852,6.5133e-05,1.6571152462657918e-06,2.459540142490867e-06,1.00358e-06,0.0316433181148593,0.4177680529120805
12,18087873,20863943,6.8961e-05,6.2235e-05,8.46022240437679e-06,3.5983940372544987e-06,3.21632e-06,0.005921363329852116,0.005921363329852116
12,20863943,23820634,0.00018686,6.8929e-05,-9.688337256107974e-08,5.995935079358174e-06,1.40822e-07,0.025404594263060156,0.025404594263060156
12,23820634,25371083,4.6445e-05,6.0873e-05,-2.7442366067203832e-06,2.980838345438234e-06,1.07104e-07,0.2890683793901832,0.2890683793901832
12,25371083,27799773,-1.4974e-05,5.6992e-05,-7.26632923467119e-07,5.50837107550149e-06,0.00011192,0.017726067334320444,0.017726067334320444
12,27799773,29651255,9.9067e-05,6.4011e-05,-5.147240162796714e-06,3.850957994090191e-06,3.18994e-08,0.11640865905702195,0.3650313800011631
12,29651255,30512406,3.1603e-06,5.8105e-05,4.4844552921743415e-07,1.68573138109794e-06,0.000891926,0.15884693778217504,0.24971076681576448
12,30512406,32165592,1.2679e-06,5.8044e-05,6.7212451472931874e-06,3.9959819076422145e-06,8.21504e-05,0.004159852770734532,0.004159852770734532
12,32165592,33076989,0.00013551,6.6097e-05,9.946254627329268e-08,2.9608032584440865e-06,5.90682e-05,0.2023627173915118,0.2023627173915118
12,33076989,37856717,0.00058022,8.3453e-05,-6.18960833657143e-07,2.3466000564870858e-06,6.10304e-05,0.10777845501989518,0.3776182589494045
12,37856717,39227169,0.00078735,8.3156e-05,2.13413647631597e-07,9.960799305131899e-07,3.20779e-05,0.10777845501989518,inf
12,39227169,40816185,0.00016758,6.7828e-05,-1.5257628555588777e-06,3.2653791149566445e-06,1.17314e-05,0.2275628972246887,0.2275628972246887
12,40816185,41658586,5.3023e-05,5.5016e-05,-1.1202366090380983e-06,1.463560804544959e-06,0.000819,0.7446567601267566,0.7446567601267566
12,41658586,43984474,0.0002109,7.0215e-05,8.191951829914862e-07,3.6693014739054807e-06,5.1438e-10,0.030174684650639255,0.030174684650639255
12,43984474,46024229,0.00025042,7.2281e-05,8.113114676716643e-06,3.796593394471374e-06,1.16615e-05,0.018361461847244877,0.018361461847244877
12,46024229,47714793,0.00099039,0.00010361,-5.891809920477367e-07,3.33050090359789e-06,7.13038e-21,0.15437231979596996,0.4098231251540466
12,47714793,49001866,0.00064008,9.0147e-05,1.7608018603460152e-07,5.6819628342969965e-06,1.58114e-22,0.015519961364835652,0.015519961364835652
12,49001866,51776494,0.00042205,8.0639e-05,-7.216155967733123e-06,1.1660838700708815e-05,1.98306e-12,0.016327014535000163,0.016327014535000163
12,51776494,53039004,8.1989e-05,6.301e-05,1.6504407779012519e-06,7.221913863062034e-06,0.000131865,0.013621693021213258,0.013621693021213258
12,53039004,54778823,0.00037757,7.8559e-05,3.1013552368603544e-05,1.0315782181629959e-05,5.26173e-13,0.0007805256962278654,0.0007805256962278654
12,54778823,55665837,0.00010994,6.4533e-05,-3.2627781494469384e-06,4.792138600053008e-06,8.82287e-05,0.11119260693615024,0.11119260693615024
12,55665837,57548860,0.00023216,7.1334e-05,3.19644655696129e-05,1.1301181916389366e-05,5.54159e-16,0.00026322601995738744,0.00026322601995738744
12,57548860,59308666,0.00098596,0.00010345,2.0693547568986803e-05,9.107565043420096e-06,9.02644e-13,0.016092599106293466,0.016092599106293466
12,59308666,61123729,0.00019257,6.9187e-05,3.7609332943464336e-06,1.6414269934545368e-06,0.000153784,0.028516911223672645,1.0
12,61123729,64032461,-1.3995e-05,5.7056e-05,1.5150484542988397e-05,3.39953648289752e-06,0.000648936,0.00012182421684398011,0.00012182421684398011
12,64032461,65559695,3.9882e-05,6.047e-05,3.0460204724829226e-06,4.691847315357973e-06,0.000310364,0.01343401483298829,0.10883474502307033
12,65559695,67181144,0.00017427,6.8245e-05,-7.5470739591598e-07,9.288170898405817e-06,3.42376e-09,0.014839485527108714,0.014839485527108714
12,67181144,67909729,0.00020324,6.4863e-05,-1.2521303255134191e-06,1.5013270303219e-06,5.03019e-05,0.5534901322094739,0.8792641218795877
12,67909729,69826542,4.919e-06,5.8277e-05,-2.5750262465771014e-07,5.051786403896177e-06,1.82153e-06,0.017068209635769816,0.017068209635769816
12,69826542,70957987,8.6405e-05,6.327e-05,-5.6231852635655565e-06,4.096784425147418e-06,0.000213397,0.23886427193715867,0.23886427193715867
12,70957987,72645075,-1.2632e-05,5.7145e-05,1.996013192041253e-06,4.372898565737326e-06,0.00106258,0.0554540095739729,0.08048929557221199
12,72645075,73818454,0.00022835,7.1135e-05,2.5581250442437497e-06,1.3557788318785641e-06,7.5147e-05,0.0554540095739729,inf
12,73818454,76511314,1.9613e-05,5.9209e-05,-5.176829858222407e-06,4.090560468643643e-06,2.14351e-05,0.0554540095739729,0.2625073708223462
12,76511314,78570570,4.0419e-05,6.0503e-05,-1.5349497171676784e-06,3.4118710140987712e-06,2.13033e-06,0.13493138658146847,0.13493138658146847
12,78570570,80448150,0.00018514,6.8836e-05,-2.5138204069666887e-06,2.4927285588647862e-06,1.20593e-07,0.529897508571044,0.529897508571044
12,80448150,81467767,1.1412e-05,5.3825e-05,-4.5506962600142093e-07,3.2275508625777392e-06,0.000168044,0.21887889471680513,0.21887889471680513
12,81467767,83502666,0.00011986,6.5209e-05,9.678509443235634e-07,2.731648655872279e-06,0.000154838,0.038307821719604965,0.038307821719604965
12,83502666,84303844,0.00044532,7.4365e-05,-5.866547213879585e-07,9.16042002601618e-07,1.41886e-05,0.36226063528714314,inf
12,84303844,85990426,0.0001988,6.9421e-05,-1.0543074759137966e-07,2.861917300992803e-06,8.26556e-05,0.09040576666128279,0.09040576666128279
12,85990426,89682122,0.0001222,6.5342e-05,1.4429402767668267e-06,4.1205634377011224e-06,9.19328e-07,0.026339356708531225,0.026339356708531225
12,89682122,92066155,0.00040555,7.9874e-05,-1.1017280805438415e-06,4.064488806016771e-06,6.91407e-07,0.060468556459733376,0.060468556459733376
12,92066155,94514567,5.8843e-05,6.1627e-05,7.66062072949389e-06,4.596237715722368e-06,1.46695e-07,0.016717196925464424,0.016717196925464424
12,94514567,96020785,9.226e-05,6.3614e-05,-5.626522560241108e-06,4.14314085515505e-06,4.58754e-05,0.18001008263233254,0.3782077510143632
12,96020785,97108839,4.8262e-05,6.0984e-05,-1.6472302162601465e-06,4.168029233583498e-06,4.67074e-05,0.07592515881561232,0.07592515881561232
12,97108839,99305987,8.7376e-05,6.3327e-05,-2.6800646814357096e-06,3.062332408456521e-06,5.34219e-10,0.22598721837384717,0.37676382755282545
12,99305987,101447641,0.00012841,6.5696e-05,-6.191379768007917e-06,4.546284390377683e-06,1.88253e-08,0.2970966342837402,0.2970966342837402
12,101447641,101862690,2.4692e-05,4.2736e-05,1.3060950788102268e-06,2.500377864286566e-06,0.00257917,0.028203830496693547,0.16090764649737058
12,101862690,102964986,0.00055164,8.6416e-05,1.2614676545110871e-05,4.5450869658348255e-06,1.99765e-11,0.002521398639691456,0.002521398639691456
12,102964986,104848696,0.00018394,6.8771e-05,2.1461396953521474e-06,5.178035171528478e-06,6.35362e-10,0.003949874218486428,0.003949874218486428
12,104848696,106436213,5.4013e-05,6.1334e-05,1.691564594385191e-07,3.918143435591597e-06,7.18283e-09,0.01812880598622351,0.01812880598622351
12,106436213,106958748,0.00026055,6.6213e-05,1.5918354939469494e-07,2.5171679671657514e-06,1.96127e-05,0.08632194997120214,0.08632194997120214
12,106958748,109025901,8.6577e-05,6.328e-05,-5.784390294433222e-06,5.580665954328957e-06,5.92908e-06,0.019233429944238323,0.019233429944238323
12,109025901,110336719,8.1644e-05,6.2989e-05,4.65742805325514e-06,5.929589643745868e-06,7.87007e-07,0.006704253536461636,0.006704253536461636
12,110336719,113263518,0.00051434,8.4794e-05,2.2193546406185463e-06,8.47428731271645e-06,3.5566e-17,0.03860910040078231,0.03860910040078231
12,113263518,113986709,0.0002533,6.9992e-05,-8.733899400748185e-07,5.399249820456487e-06,5.62783e-07,0.08217504912340791,0.08217504912340791
12,113986709,115036602,0.00011132,6.472e-05,-1.3092457956770613e-06,2.1888155508799465e-06,1.39926e-05,0.23333833721184025,0.5108026396160328
12,115036602,115503216,0.00021021,6.8071e-05,-9.625927473891763e-08,1.228061173980427e-06,3.4223e-08,0.34570788426345067,inf
12,115503216,117087471,7.8222e-05,6.2787e-05,2.6156044935799585e-06,1.7228734405206515e-06,4.22844e-07,0.08535745466614608,0.08535745466614608
12,117087471,118135375,0.00024356,7.1927e-05,2.3102940986922247e-06,3.6129790502813784e-06,6.8572e-09,0.07238672506807388,0.07238672506807388
12,118135375,119754110,8.6865e-05,6.3297e-05,3.387477838814185e-06,4.100043939571581e-06,3.00866e-06,0.06074854033868839,0.06074854033868839
12,119754110,122007651,0.00015972,6.7447e-05,1.6970227853150691e-06,8.325649305801003e-06,5.62731e-09,0.005038636194397836,0.005038636194397836
12,122007651,124977980,0.00041743,8.0426e-05,-7.1959474424498685e-06,9.95141549746008e-06,6.47536e-22,0.047793562899608524,0.047793562899608524
12,124977980,126445505,-1.7831e-05,5.6805e-05,-3.137647792951667e-06,3.3094251159411944e-06,1.1702e-05,0.36128419636560727,0.36128419636560727
12,126445505,127875098,2.7498e-05,5.9703e-05,-3.3430653867261946e-07,9.18627323645326e-07,0.000354274,0.4067040466041778,inf
12,127875098,129237297,-5.1361e-05,5.4563e-05,-6.593089209380647e-07,1.2698344211103258e-06,9.19863e-05,0.464848036129066,inf
12,129237297,130377921,-3.4273e-05,5.5717e-05,-8.669517548886291e-07,2.1654463541243324e-06,5.6703e-06,0.37128179857857935,0.37128179857857935
12,130377921,131786751,2.8275e-06,5.8144e-05,2.134892990834753e-06,3.2980606529900496e-06,6.61882e-10,0.11494984549024773,0.11494984549024773
12,131786751,132807034,7.1185e-05,6.2368e-05,-1.656258847148925e-06,3.824306322628227e-06,7.11296e-05,0.04658668065679994,0.04658668065679994
12,132807034,133841511,0.00020094,6.9685e-05,3.617322654005958e-06,5.428792529214913e-06,1.28394e-07,0.05418970877468979,0.05418970877468979
13,19020013,20686720,0.00077171,9.0948e-05,-3.366062137887007e-06,3.4956190399204035e-06,0.00127024,0.06605666289985639,0.19954950045712738
13,20686720,22242174,-1.0939e-05,5.7255e-05,4.324949743986584e-06,5.328552972220899e-06,0.000341255,0.023751056279343166,0.023751056279343166
13,22242174,23594702,1.3718e-05,5.8837e-05,-6.534927496498476e-07,9.262264093689915e-07,1.239e-05,0.9624943221190315,inf
13,23594702,24531937,-2.5138e-05,5.6324e-05,-2.9092282246912614e-06,2.672370313149303e-06,0.00020791,0.3930183060146073,0.3930183060146073
13,24531937,25784362,-4.4656e-06,5.7675e-05,-2.2216551927607503e-06,4.054123913341843e-06,0.000161071,0.07242801645204651,0.07242801645204651
13,25784362,27284362,1.8125e-05,5.9115e-05,-1.942088984254228e-07,3.7735382851022668e-06,1.08749e-07,0.03798113870321165,0.09855584159606999
13,27284362,29257551,1.4708e-05,5.8899e-05,9.974563023586232e-06,5.6617270518512236e-06,1.11848e-06,0.003099264908005358,0.003099264908005358
13,29257551,30483267,6.1622e-06,5.8357e-05,-1.7159909867987617e-06,2.63743097107525e-06,3.15795e-06,0.182920764829324,0.5071222179115901
13,30483267,32301815,3.5666e-05,6.021e-05,4.305613210477227e-06,4.112265063529467e-06,1.07772e-05,0.016106740886739614,0.016106740886739614
13,32301815,33776903,5.4112e-05,6.134e-05,7.826067937897638e-06,3.8567143847910936e-06,2.80185e-05,0.005209212333194919,0.005209212333194919
13,33776903,35026464,-3.5159e-05,5.5658e-05,3.2857842644369397e-07,1.710840443652002e-06,0.000101429,0.1654090603602799,inf
13,35026464,36046367,1.6661e-07,5.5217e-05,-1.1123367526705607e-06,1.4837287770912172e-06,0.000295905,0.1654090603602799,0.9514092416486304
13,36046367,37498185,-1.1797e-05,5.7199e-05,-4.217775953587341e-06,3.887541875277989e-06,8.90142e-05,0.3100352210140417,0.3100352210140417
13,37498185,38878163,8.1201e-05,6.2963e-05,-1.1152101221538479e-06,3.5603837049977663e-06,0.000180004,0.10785585305267519,0.10785585305267519
13,38878163,41069263,1.7728e-05,5.909e-05,-3.9818568209604104e-06,3.568631435023458e-06,0.000594467,0.17090979211023166,0.43017083087441566
13,41069263,43101027,0.00013272,6.5939e-05,6.652804617491204e-06,4.9662347234048655e-06,4.87902e-08,0.0063063528776269185,0.0063063528776269185
13,43101027,44901409,2.8019e-05,5.9735e-05,-3.07659530430823e-06,3.913077921178879e-06,3.87969e-05,0.07748419540730675,0.07748419540730675
13,44901409,46495214,5.035e-06,5.8285e-05,7.381036146127069e-06,4.8272824467246295e-06,0.000173272,0.06513984431285276,0.06513984431285276
13,46495214,47431079,0.00019825,6.9542e-05,4.971258010063599e-06,3.7336424706155285e-06,3.23903e-05,0.04371717965043968,0.04371717965043968
13,47431079,49383962,2.4212e-05,5.9497e-05,-4.2604449834321386e-06,4.1237421000706915e-06,0.000247741,0.11944485526859025,0.11944485526859025
13,49383962,51591091,0.00033782,7.6651e-05,-3.1922455881224847e-07,5.438498310407624e-06,4.33807e-15,0.01784851479816048,0.01784851479816048
13,51591091,53339622,9.5763e-05,6.3818e-05,-1.2242131500508634e-06,5.830552860680709e-06,1.25476e-05,0.018667281116164107,0.018667281116164107
13,53339622,54682864,0.00024651,7.2079e-05,3.9512250290391e-06,1.6125759863592633e-06,6.77492e-07,0.018720628530783805,0.018720628530783805
13,54682864,55817131,0.00037415,7.683e-05,-4.66653753901978e-07,6.69005964031987e-07,2.04599e-06,0.907368304332373,inf
13,55817131,57554217,0.001577,0.00012043,1.3738716348695347e-06,6.752008068208272e-07,9.96503e-06,0.045645262813509516,inf
13,57554217,58410626,0.00076164,8.6289e-05,7.520326218828959e-07,3.551463702036845e-07,2.66826e-09,0.045645262813509516,inf
13,58410626,59302271,0.0010923,0.00010171,7.829741713816351e-07,3.6975847435076494e-07,2.99771e-11,0.045645262813509516,inf
13,59302271,60854778,0.00010525,6.4369e-05,-8.403104091750832e-07,1.4279840135669275e-06,8.17083e-06,0.045645262813509516,0.7192482592551821
13,60854778,61591949,7.5532e-05,5.9037e-05,-2.058697607075255e-07,3.067662449771357e-07,2.11006e-06,0.8214593937178449,inf
13,61591949,63971559,9.732e-05,6.3909e-05,-6.645537348555963e-07,9.902505988570383e-07,3.9065e-05,0.8214593937178449,inf
13,63971559,65200602,0.00021684,6.8128e-05,-2.1179436017200212e-07,3.173899093309727e-07,0.000150821,0.5783953068471903,inf
13,65200602,67844453,0.00013556,6.61e-05,-3.910451664205228e-07,8.001305387310187e-07,2.93184e-08,0.5783953068471903,inf
13,67844453,70724516,2.7678e-06,5.814e-05,2.174594227861145e-07,9.271822383900812e-07,4.93751e-05,0.2044821729492266,inf
13,70724516,71526791,0.00012206,6.5335e-05,1.6578173699852925e-07,3.843023851850638e-07,0.000224984,0.2044821729492266,inf
13,71526791,73934089,8.7535e-06,5.8522e-05,-3.1724278153436024e-06,3.048704947457509e-06,4.68358e-05,0.2044821729492266,0.5094631642564476
13,73934089,75670143,3.2382e-05,6.0006e-05,-8.169335259613462e-07,1.5528222359673676e-06,1.24997e-05,0.1920516932677799,0.9578239260224145
13,75670143,77410555,0.00016558,6.777e-05,3.7312827933173188e-06,3.234869198404767e-06,7.61626e-13,0.04401924044288991,0.04401924044288991
13,77410555,78808813,0.00049221,8.3817e-05,-2.9930443861842913e-06,3.7522104293986597e-06,5.72254e-07,0.1450446278428155,0.1450446278428155
13,78808813,80585676,0.00020856,7.0091e-05,-6.786405263429956e-07,2.8525329288812897e-06,7.48875e-08,0.07367728990504031,0.07367728990504031
13,80585676,82581814,5.0364e-05,6.1112e-05,-7.318265744904114e-07,1.304687766767574e-06,0.000227372,0.6493361319874486,inf
13,82581814,84133144,0.00020448,6.9775e-05,1.792938225700304e-06,7.601144717300805e-07,0.00166728,0.03556079507052449,inf
13,84133144,85610916,0.00021377,7.0368e-05,1.5138075688498006e-06,6.837847325297153e-07,7.32703e-06,0.03556079507052449,inf
13,85610916,88559882,0.00012266,6.5369e-05,-1.130761019296487e-06,1.3876819331725282e-06,3.83865e-07,0.5600639263885538,inf
13,88559882,90521311,0.00011387,6.4866e-05,-4.071009738761391e-07,8.717778555197751e-07,4.03654e-06,0.5600639263885538,inf
13,90521311,93129691,2.4255e-05,5.95e-05,6.380516103651231e-07,1.1949326129396053e-06,4.77381e-05,0.18413616739465644,inf
13,93129691,93586455,0.00023772,5.7924e-05,1.1457973193275538e-07,2.1211638648453677e-07,0.000536579,0.18413616739465644,inf
13,93586455,96087558,8.7076e-06,5.8519e-05,-1.2486060336943277e-06,3.5518825133910567e-06,4.97559e-06,0.10045884936778077,0.10045884936778077
13,96087558,97519210,0.0012495,0.00011254,-1.8173393972536733e-07,2.9952662128594185e-06,1.94443e-09,0.05768057515798822,0.05768057515798822
13,97519210,98938919,9.3423e-05,6.3682e-05,8.685578108086459e-07,3.0389272732755262e-06,4.58951e-08,0.016330226391052093,0.05550106302610229
13,98938919,100574095,8.46e-05,6.3164e-05,-2.8164938406131203e-08,4.2246165603690464e-06,2.62308e-06,0.016330226391052093,0.09244858013610562
13,100574095,102300523,9.488e-06,5.8569e-05,5.886572313800547e-06,3.357267163821732e-06,0.000763026,0.022599401437811865,0.022599401437811865
13,102300523,104066710,-9.2025e-06,5.7368e-05,-4.820251696451006e-07,4.096796481558233e-06,8.36578e-05,0.06722133346266167,0.06722133346266167
13,104066710,104844114,4.0478e-05,6.0507e-05,-3.9403072094022675e-07,6.072698864707918e-07,0.00233472,0.7740989570508525,inf
13,104844114,106247554,-5.9164e-06,5.7581e-05,-3.001374441343264e-07,4.6256401325808033e-07,7.30405e-05,0.7740989570508525,inf
13,106247554,106750000,4.2584e-06,5.8235e-05,0.0,0.0,0.000883094,1.0,inf
13,106750000,108189877,2.0547e-05,5.9268e-05,-1.1318805662001976e-06,1.6655475776491242e-06,4.16667e-07,0.45240002858856054,0.7081420060525021
13,108189877,109121210,5.9049e-06,5.834e-05,-1.1284334686984944e-06,2.2830261739659902e-06,0.00021398,0.25097149415493214,0.3774219240725697
13,109121210,109815112,3.4184e-05,6.0118e-05,3.197972542752627e-06,1.2091477235359457e-06,0.000730779,0.025575367120718284,inf
13,109815112,111232073,6.4731e-05,6.1981e-05,3.3962956888405303e-06,2.8363160965329927e-06,1.08818e-05,0.013589699174004967,0.013589699174004967
13,111232073,112247592,0.00012533,6.5468e-05,-8.218193890560599e-07,3.4942597427787316e-06,1.81156e-08,0.14655575359061332,0.14655575359061332
13,112247592,113572488,3.6215e-05,6.0244e-05,-1.918835922832709e-06,2.8606538875135473e-06,1.69581e-05,0.1783773280195688,0.1783773280195688
13,113572488,115109853,2.9525e-05,5.9829e-05,8.806316953261834e-06,6.167248039099881e-06,1.56722e-06,0.01314686691248455,0.01314686691248455
14,19002084,21589402,3.7448e-06,5.8202e-05,3.2718664774742023e-06,8.936849633913853e-06,9.3006e-05,0.013184180445234799,0.013184180445234799
14,21589402,23018665,2.3923e-05,5.9479e-05,1.1062251246751538e-05,5.057758864759212e-06,3.38072e-05,0.009250691589912353,0.009250691589912353
14,23018665,24905123,4.8424e-05,6.0994e-05,-1.1249484877698854e-07,1.2064619218837255e-05,3.33752e-13,0.010030749045670669,0.010030749045670669
14,24905123,26135686,3.0042e-05,5.9861e-05,-2.9948070738618647e-06,3.503690790023061e-06,1.40964e-20,0.2403181028005838,0.27712083617750016
14,26135686,28466533,-1.7347e-05,5.6837e-05,-6.48842241341239e-07,1.4987234770015387e-06,1.00179e-05,0.2403181028005838,0.4976501548317004
14,28466533,29972145,3.989e-05,6.0471e-05,4.027227666898928e-07,1.0184870496754037e-06,3.11804e-05,0.030143647482914725,1.0
14,29972145,32383265,3.7736e-05,6.0338e-05,-4.380666887318813e-06,4.669356743673576e-06,9.78105e-05,0.030143647482914725,0.24893740131841563
14,32383265,34846251,7.1111e-05,6.2363e-05,-2.070991617938662e-06,2.9000211133963814e-06,2.76681e-06,0.25652489750838847,0.32014986624946085
14,34846251,35859593,0.0006423,8.694e-05,-1.8946558068184854e-06,4.410760505381254e-06,8.04429e-13,0.13007770044259165,0.13007770044259165
14,35859593,38667725,5.1848e-05,6.1202e-05,-2.7588165994722725e-06,5.1818168221011174e-06,8.34722e-06,0.03522538733863575,0.03522538733863575
14,38667725,40341990,0.0001018,6.4169e-05,1.057103954361932e-05,3.825852198897767e-06,0.000260104,0.012323035350306462,0.012323035350306462
14,40341990,41615502,0.00056793,8.5707e-05,-2.370496955597385e-07,8.874906981999584e-07,0.000152283,0.19186243283966517,inf
14,41615502,43137389,0.00032098,7.5829e-05,3.9406572834234054e-07,7.924445635156582e-07,4.16473e-05,0.19186243283966517,inf
14,43137389,44543227,2.5964e-05,5.9607e-05,-2.9095425767741336e-07,7.439530162475034e-07,0.000186918,0.19186243283966517,inf
14,44543227,46081896,0.00016235,6.7592e-05,-1.657873178520775e-06,3.383880849718326e-06,0.000102154,0.1341869391772061,0.1341869391772061
14,46081896,46749130,0.00038285,6.6174e-05,-7.554832811351844e-07,7.929742817998068e-07,0.000244084,0.8367344633645034,inf
14,46749130,48573586,6.3468e-05,6.1905e-05,2.0721723503845188e-06,1.4686115420093031e-06,3.55561e-08,0.03533403720494048,inf
14,48573586,49005471,0.00030572,5.9924e-05,1.051382809535759e-06,3.3885039497436264e-07,2.64443e-06,0.03533403720494048,inf
14,49005471,50507760,4.4283e-05,6.074e-05,-6.079850470752407e-08,4.242058054645754e-06,0.000283882,0.0438460524743744,0.21824181347391725
14,50507760,51493572,0.00065915,9.0892e-05,1.3633290548769292e-05,4.764460397374537e-06,2.25528e-23,0.0002274527947499116,0.0002274527947499116
14,51493572,53474383,4.0579e-06,5.8222e-05,-2.021462057531102e-06,5.4295499496527635e-06,4.56091e-05,0.043891349145858335,0.043891349145858335
14,53474383,53997831,0.00084334,9.0512e-05,-4.2241849312162835e-07,1.4126203719819883e-06,3.0267e-08,0.446174430038204,inf
14,53997831,55233681,0.0002642,7.2987e-05,5.17525170220678e-06,3.464185906187502e-06,3.69936e-08,0.005722022335284719,0.11272396662523636
14,55233681,56216880,0.0024264,0.00014462,4.029239052770632e-06,4.357789199381698e-06,2.78093e-11,0.005722022335284719,0.04036711507193419
14,56216880,57481262,3.2284e-05,6e-05,3.966794040877558e-06,2.5374872899383044e-06,6.70547e-05,0.021206767529987163,0.28630045664150683
14,57481262,59448336,1.497e-05,5.8916e-05,8.934499258613258e-06,5.155395013461936e-06,0.000153255,0.008332815630730515,0.008332815630730515
14,59448336,61680424,0.00016832,6.792e-05,-1.9737246124824524e-06,5.7234160574947115e-06,8.62139e-06,0.1032450201937377,0.1032450201937377
14,61680424,63790015,3.1822e-05,5.9972e-05,-4.091066867162086e-06,3.566739088833022e-06,4.37296e-06,0.3115449760106774,0.3115449760106774
14,63790015,65220298,0.000131,6.5842e-05,5.144772482171452e-06,4.900303176118999e-06,0.000158394,0.00817585707232976,0.00817585707232976
14,65220298,66399555,0.00022365,7.0888e-05,-4.990891161298424e-06,3.784759835650707e-06,3.70878e-05,0.13867211157768503,0.352614895430467
14,66399555,67992317,0.00014333,6.4793e-05,-3.768079849709654e-06,3.1921852784708862e-06,6.01448e-07,0.4263526500889818,0.4263526500889818
14,67992317,71131957,7.2494e-05,6.2446e-05,-2.8717566117521814e-06,7.175773056540736e-06,4.64404e-12,0.0932977481248704,0.0932977481248704
14,71131957,72889615,8.0307e-05,6.291e-05,-1.0250466268954308e-06,2.8740789303323602e-06,3.0899e-06,0.17194640306692216,0.17194640306692216
14,72889615,76444767,0.00023018,7.1231e-05,2.303313243957458e-05,1.0092427333463602e-05,8.39242e-14,0.0011077270314588364,0.0011077270314588364
14,76444767,77229472,1.4107e-05,5.8862e-05,9.628213829067898e-08,2.7702777988421355e-06,9.50425e-07,0.00394744170844118,0.27443173692780354
14,77229472,78561945,7.9359e-05,6.2854e-05,-1.459170417740996e-06,6.420678569721679e-06,9.64402e-06,0.016266993970336735,0.016266993970336735
14,78561945,80186579,0.000109,6.4586e-05,-6.859907050650166e-07,1.6440413186798183e-06,3.6198e-05,0.4236073907998763,0.4236073907998763
14,80186579,81579714,0.00017616,6.8348e-05,-2.1899680874035377e-06,2.3927946135309504e-06,1.9898e-11,0.5503034447992028,0.5523928943439629
14,81579714,83138097,8.9699e-05,6.3464e-05,2.8206298197648225e-06,2.190144365812907e-06,1.63954e-05,0.07963902164046284,0.07963902164046284
14,83138097,84241633,2.491e-05,5.9541e-05,-2.0423965700293326e-07,5.999298307660555e-07,0.000159375,0.3992987687377021,inf
14,84241633,85746319,0.00025623,7.258e-05,-5.398785064942511e-07,7.943787081658714e-07,2.62338e-12,0.8437121722062564,inf
14,85746319,86647002,0.00020148,6.9615e-05,-3.2316336622043505e-07,4.755034591981061e-07,2.93109e-07,0.8437121722062564,inf
14,86647002,87635341,0.00010386,6.4289e-05,-2.3746335910156017e-08,3.494042347874697e-08,8.86806e-05,0.8437121722062564,inf
14,87635341,89497643,3.5244e-05,6.0184e-05,1.7556304608932961e-06,3.9341894122315895e-06,7.87975e-05,0.09592798488461192,0.09592798488461192
14,89497643,91296860,5.7413e-05,6.154e-05,-3.887316123337047e-06,4.06237179211115e-06,2.32345e-06,0.2400431930876276,0.2400431930876276
14,91296860,93132299,0.00021668,7.0521e-05,1.1758065502534049e-05,5.3342888506508405e-06,1.98831e-15,0.017196814064315866,0.017196814064315866
14,93132299,94325285,0.0010053,0.00010415,1.8375804391735298e-06,4.9499742852572725e-06,6.61039e-10,0.020228308601833278,0.020228308601833278
14,94325285,95750867,1.9921e-05,5.9228e-05,1.693210809268638e-06,6.220495838415076e-06,4.68896e-14,0.013506331776936515,0.013506331776936515
14,95750867,96262415,1.3995e-05,5.8854e-05,1.7089897912900077e-07,2.589075361974409e-06,0.000293429,0.15004840532720354,0.15004840532720354
14,96262415,98341162,8.2922e-05,6.3065e-05,-2.3496042470659874e-06,3.891332163359823e-06,5.86238e-09,0.07845558927191827,0.07845558927191827
14,98341162,99138532,0.00022403,7.086e-05,-5.335626729379474e-07,7.545716837375133e-07,2.16685e-06,0.999688117815061,inf
14,99138532,101534307,6.3866e-05,6.1929e-05,3.973815253053242e-06,5.645317422083447e-06,1.42306e-08,0.0189621947436501,0.0189621947436501
14,101534307,103012102,0.00013986,6.6342e-05,-7.583623700076428e-07,4.418301724635618e-06,5.2152e-13,0.11648747562132773,0.11648747562132773
14,103012102,105001723,0.00016691,6.7843e-05,2.8096114224853517e-05,6.679837255112614e-06,1.77898e-07,0.001123884601471316,0.001123884601471316
14,105001723,106340358,0.00024637,7.2072e-05,7.058016594580698e-07,6.854787403330966e-06,2.94606e-05,0.0016134819635900569,0.0016134819635900569
14,106340358,107289454,4.4639e-05,1.8386e-05,0.0,0.0,0.000995792,1.0,inf
15,20001200,24195127,6.6331e-05,6.2077e-05,-3.7201493894952518e-06,3.204315543177925e-06,3.33263e-06,0.3072759773865933,0.4187331843700409
15,24195127,27298112,-3.6514e-05,5.5567e-05,6.282311012992386e-06,3.374351713771296e-06,4.13977e-05,0.030106924726913408,0.030106924726913408
15,27298112,29338502,1.3335e-05,5.8813e-05,9.438954388798106e-06,3.0606043065504856e-06,6.20073e-05,0.0025318196752698308,0.0025318196752698308
15,29338502,30165568,3.1301e-05,5.9939e-05,-2.1960585331761675e-06,2.3308844954919497e-06,0.000564026,0.25122022207289774,0.6783024870368628
15,30165568,31591821,0.00032378,7.5966e-05,9.048317631104872e-07,3.7748597709651682e-06,1.0871e-10,0.023819522751614933,0.023819522751614933
15,31591821,32441811,0.00027773,7.3533e-05,-5.697807403775761e-07,2.080602326154351e-06,1.44142e-06,0.15832395480555836,0.5002798371025785
15,32441811,34015425,6.8861e-05,6.2229e-05,-7.892699202509407e-08,4.010283372108675e-06,1.50064e-06,0.053840367818775485,0.053840367818775485
15,34015425,35083251,9.788e-06,5.8588e-05,-3.982670143584881e-06,4.9607960419873486e-06,0.000132133,0.046852604690942885,0.19611934548134785
15,35083251,37456502,3.7614e-06,5.8203e-05,-5.75673721523015e-08,3.15082134364112e-06,6.18211e-06,0.046852604690942885,0.2992761087780097
15,37456502,38530777,0.00015438,6.7151e-05,-9.09706242289859e-07,1.708500089720176e-06,1.63508e-08,0.1652981695083507,0.7878201507141688
15,38530777,40384132,7.8747e-05,6.2818e-05,-2.2282575462095143e-06,4.153425819844046e-06,2.93848e-06,0.1499342908030251,0.1499342908030251
15,40384132,41177514,0.00060329,8.723e-05,1.1226094744781897e-05,6.921055353150544e-06,1.70521e-06,0.0026679978870152526,0.0026679978870152526
15,41177514,42776399,0.00023027,7.1236e-05,3.0931841392217795e-06,7.454144113608709e-06,2.03687e-06,0.04533418997601607,0.04533418997601607
15,42776399,44198049,0.00049389,7.6575e-05,1.477534300269413e-05,7.620968208664055e-06,3.80453e-07,1.6778297829427893e-05,1.6778297829427893e-05
15,44198049,46618787,0.00091153,0.00010074,2.9593540137814187e-06,6.660563542852066e-06,3.38259e-08,0.019946460724320384,0.019946460724320384
15,46618787,48136048,0.00011424,6.4887e-05,-8.62998008175125e-07,1.4865480945744226e-06,6.68096e-07,0.33340438000494577,0.6671716332538742
15,48136048,50008043,0.00051969,8.5028e-05,4.98665843079556e-06,5.38074225178989e-06,1.6601e-06,0.003368654814752928,0.003368654814752928
15,50008043,51677560,0.00015167,6.7001e-05,2.346433545461844e-10,4.825972377805397e-06,0.000234855,0.013805406722517038,0.013805406722517038
15,51677560,53069096,0.00010128,6.414e-05,1.1935033827634743e-06,5.21823307285013e-06,0.000428101,0.007536721200955688,0.06647646377157478
15,53069096,54508528,0.00012799,6.5672e-05,4.427794822801979e-06,1.9414487166633965e-06,1.0589e-06,0.007536721200955688,0.7117226444413882
15,54508528,55136269,9.1136e-05,6.2336e-05,-2.830822753076498e-07,1.0263875656599618e-06,7.35471e-05,0.3816635634373834,inf
15,55136269,56901773,0.00017198,6.8121e-05,-4.937794744911482e-06,4.885029326021558e-06,3.05673e-06,0.12638098852237797,0.17823905403048282
15,56901773,58441366,7.6674e-05,6.2695e-05,-1.1925950799642473e-06,3.414246173743646e-06,7.0533e-05,0.12638098852237797,0.287131821795505
15,58441366,59694116,5.2344e-05,6.1233e-05,-1.9149590070591724e-06,4.3168560359809726e-06,3.65323e-05,0.06015870864748183,0.06015870864748183
15,59694116,61265836,9.4647e-05,6.3753e-05,6.7459786254657395e-06,3.7042721999241336e-06,1.66409e-06,0.007235925958924378,0.021365296329812173
15,61265836,63215222,9.8233e-05,6.3962e-05,7.420979222861127e-06,3.0096209484100145e-06,8.85439e-12,0.006138038017787247,0.006138038017787247
15,63215222,65104668,0.00013556,6.61e-05,-2.2884291081507533e-06,6.353568658511538e-06,3.60962e-05,0.044038315632038194,0.044038315632038194
15,65104668,67094767,0.00019853,6.9556e-05,7.760569782083908e-06,7.63764334333269e-06,8.07928e-13,0.010998647555948286,0.010998647555948286
15,67094767,69017999,0.00023132,7.129e-05,1.15283806529197e-05,5.347330358390356e-06,5.76498e-17,7.705237414791124e-05,7.705237414791124e-05
15,69017999,70133341,0.00053014,8.5485e-05,-1.94579035647453e-08,3.789985527422348e-06,2.19915e-08,0.21772215547323592,0.21772215547323592
15,70133341,71922649,8.722e-05,6.3318e-05,5.146306845445602e-06,3.6331076984864537e-06,3.14959e-08,0.0023689880682382725,0.0023689880682382725
15,71922649,73628714,0.000325,7.4317e-05,1.0903132608128231e-05,5.20366446386174e-06,3.90522e-11,0.012217673254495772,0.012217673254495772
15,73628714,76398624,0.00043957,8.1444e-05,1.160994362836427e-05,9.952586961502354e-06,5.56067e-21,0.004209029584644261,0.004209029584644261
15,76398624,78516053,0.00054244,8.5979e-05,8.424686987014241e-06,5.367634363118017e-06,3.12329e-15,0.0007304185612410089,0.0007304185612410089
15,78516053,80860978,5.6755e-05,6.15e-05,-2.0347524170731255e-07,6.662307388038917e-06,3.4696e-09,0.017125188090774495,0.017125188090774495
15,80860978,84260468,0.00026419,7.2987e-05,-2.677776520236765e-07,6.786858933924704e-06,4.91588e-12,0.012710303919410906,0.012710303919410906
15,84260468,86652905,0.001232,0.00011196,2.2009499439476364e-05,4.794373160059657e-06,1.41296e-55,1.8790505095674152e-06,1.8790505095674152e-06
15,86652905,88369943,-3.6218e-05,5.5587e-05,-3.3088162360357955e-07,1.3392075625819927e-06,1.11669e-05,0.3824845843004251,inf
15,88369943,90475551,0.0002322,7.1336e-05,8.680225228709264e-06,6.771726866791368e-06,6.09749e-39,0.006829272056380312,0.006829272056380312
15,90475551,92164392,2.6019e-05,5.961e-05,-3.704535051867304e-06,6.278694580005146e-06,5.03207e-06,0.0830723193501487,0.0830723193501487
15,92164392,93780902,2.9484e-05,5.9826e-05,6.145636536771633e-06,2.8896979057684397e-06,6.5107e-05,0.02672729590186066,0.02672729590186066
15,93780902,94924330,5.165e-05,6.119e-05,-1.699096372023212e-07,1.132213832505592e-06,6.23435e-05,0.25538987819811515,inf
15,94924330,96141596,5.0246e-05,6.1105e-05,-6.196171212700155e-07,8.947730993974079e-07,2.1866e-09,0.44148192822345134,inf
15,96141596,98030910,4.2029e-05,6.0602e-05,-5.845669200523052e-07,1.8236579111000353e-06,4.06955e-06,0.3882619133342562,0.3882619133342562
15,98030910,99244059,2.8985e-05,5.9795e-05,-3.433745493874862e-07,1.685000107388086e-06,2.60646e-05,0.16584295813599437,0.7670943476754836
15,99244059,100636847,0.00041282,8.0169e-05,8.358653745015635e-06,3.5748627966080214e-06,3.15263e-12,1.9110533386729477e-08,0.17105298041665348
15,100636847,101552694,0.00019089,6.9146e-05,1.860064274054968e-05,3.0865759211334094e-06,4.46878e-27,1.9110533386729477e-08,0.24353712809561057
15,101552694,102520966,6.2017e-06,5.8359e-05,1.055569337682607e-06,4.130512474824837e-06,6.30713e-07,0.1050759523519221,0.1050759523519221
16,60054,1207206,0.00031574,7.5571e-05,-1.685442967579329e-05,1.0025305278891768e-05,7.78666e-06,0.04610996016749237,0.04610996016749237
16,1207206,2764829,0.00038094,7.8718e-05,3.922574902333649e-05,1.113977548581035e-05,7.66458e-14,0.0014248053179685386,0.0014248053179685386
16,2764829,4001196,9.5813e-05,6.3821e-05,1.3651901942210833e-05,9.107667399412256e-06,3.84783e-06,6.707226343244212e-05,6.707226343244212e-05
16,4001196,5118345,0.00014546,6.6655e-05,9.357238702039545e-06,7.441027729469219e-06,9.43172e-08,0.004202477646313848,0.004202477646313848
16,5118345,5891580,0.00013324,6.5969e-05,1.706839412165382e-06,1.3511643727317033e-06,6.72537e-08,0.06398106742924334,inf
16,5891580,6893551,-8.0342e-06,5.7444e-05,6.528834475948487e-07,7.311255905027262e-07,4.63781e-07,0.06398106742924334,inf
16,6893551,7529121,0.00019628,6.9436e-05,2.0533715707105248e-07,5.129916562855547e-07,3.40996e-05,0.21077826493474308,inf
16,7529121,8338519,4.5598e-05,6.0821e-05,-3.3900217817322334e-07,9.206277245257562e-07,2.63468e-05,0.21077826493474308,inf
16,8338519,9799419,3.1613e-05,5.9959e-05,-2.5339936613146363e-06,3.543743073871651e-06,4.03366e-08,0.18962958674088704,0.18962958674088704
16,9799419,10426032,0.00028751,7.4167e-05,2.689116616994942e-06,1.5966061375418531e-06,1.07914e-07,0.0559216727799555,0.0559216727799555
16,10426032,11520161,5.9238e-05,6.165e-05,6.8923320362016775e-06,5.237754886082924e-06,0.000312035,0.04445048612960462,0.04445048612960462
16,11520161,12613098,0.00019319,6.927e-05,1.3650729642482845e-06,4.138538219128912e-06,1.84108e-05,0.042614975755063546,0.042614975755063546
16,12613098,13154437,0.00015637,6.7261e-05,1.71452917021812e-06,1.429064533757434e-06,1.04315e-05,0.08687012665172517,inf
16,13154437,14464002,4.0228e-05,6.0491e-05,2.1715673137591296e-06,2.294742218933919e-06,4.19137e-05,0.001983183209633371,0.13417946533419425
16,14464002,16154060,0.00026451,7.3003e-05,1.2643628747535121e-05,5.593563932569688e-06,4.69941e-07,0.001983183209633371,0.007398452222355413
16,16154060,17644749,6.601e-05,6.2058e-05,-2.385304713691767e-06,2.3285356435760506e-06,8.18835e-06,0.330671028080667,0.9231002715313636
16,17644749,18643607,7.5843e-05,5.6844e-05,-1.9612974380126042e-07,1.9179146220673283e-06,0.000367624,0.33040671016914813,0.33040671016914813
16,18643607,20150571,0.00041034,8.0097e-05,-1.4561673791354728e-06,5.660768544702788e-06,5.73508e-18,0.06242086382531605,0.06242086382531605
16,20150571,22448904,0.00011486,6.4923e-05,2.6597065005890746e-06,7.735157085371384e-06,1.61997e-05,0.006881697367149153,0.044714441441178185
16,22448904,24136875,8.5859e-05,6.3238e-05,-1.2047024957366092e-07,5.572196384614332e-06,0.000263797,0.006881697367149153,0.12059166822705453
16,24136875,25986862,9.2871e-05,6.3649e-05,1.034418644692465e-05,4.093553311665905e-06,2.5754700000000007e-18,0.0010072121415506548,0.0010072121415506548
16,25986862,27445755,-5.4179e-05,5.437e-05,1.1004594642297744e-06,2.769014784736221e-06,8.80892e-05,0.031357174285569,0.259909848934226
16,27445755,29036613,7.3784e-05,6.2523e-05,1.4724208396907383e-05,7.060459583173771e-06,6.68055e-06,3.3100138334427977e-05,3.3100138334427977e-05
16,29036613,31382943,0.0028005,0.00015527,8.050488473022653e-06,1.2266420468208002e-05,2.31783e-20,0.004412185771131547,0.004412185771131547
16,31382943,46399473,0.0004162,6.7511e-05,-9.848301813570659e-07,4.7459004157653215e-06,8.39947e-09,0.11460735798721813,0.11460735798721813
16,46399473,49007926,0.00021853,7.0619e-05,-4.135479337822233e-06,5.360815968211792e-06,1.30733e-05,0.1519741574244101,0.15845697315622548
16,49007926,52035823,0.00017356,6.8206e-05,-5.880693256524862e-06,5.10711198177793e-06,1.72961e-08,0.09278441387002771,0.09278441387002771
16,52035823,53382572,9.802e-06,5.8529e-05,8.175233902653707e-07,2.032674792099202e-06,2.34254e-06,0.12399974800870499,0.12399974800870499
16,53382572,55903774,0.00069631,9.244e-05,4.032555818574465e-06,4.918324045602722e-06,2.62571e-103,0.04568445205271511,0.04568445205271511
16,55903774,57664330,0.00011552,6.4961e-05,-7.480125955312028e-06,8.61100405001836e-06,9.26187e-06,0.05292487746429921,0.05292487746429921
16,57664330,59045405,0.000164,6.7683e-05,-8.091329947546225e-06,6.392663033794741e-06,3.49275e-06,0.1660809638315765,0.19635747710560036
16,59045405,60745694,4.6447e-05,6.0873e-05,3.7774485032715415e-07,5.819511611652683e-07,8.58489e-05,0.1660809638315765,inf
16,60745694,62229849,2.8329e-06,5.8144e-05,3.5894626691935863e-07,7.600757999787084e-07,0.000696306,0.19654498176621787,inf
16,62229849,63691589,0.0002146,7.0412e-05,2.399133582776553e-07,6.845186641369212e-07,1.43271e-06,0.19654498176621787,inf
16,63691589,65938566,5.2114e-05,6.1219e-05,-9.93502569003483e-07,1.3503113280518376e-06,3.05376e-05,0.6438093997008747,inf
16,65938566,68841363,0.00027259,7.3414e-05,9.912556502423299e-06,1.2373058229480121e-05,1.72915e-09,0.0018006338722714647,0.0018006338722714647
16,68841363,71054028,0.0003907,7.9179e-05,3.5580950644409736e-06,7.893319371292796e-06,4.29796e-07,0.03243707542745505,0.03243707542745505
16,71054028,72935150,0.00021937,7.0663e-05,1.3679710034990244e-05,6.1984276144996675e-06,1.236e-05,0.0009758675644613984,0.0009758675644613984
16,72935150,74971503,0.00012533,6.5521e-05,1.4600298693788449e-05,3.913190625166639e-06,1.4322e-06,0.0009646772825395025,0.0009646772825395025
16,74971503,75977954,0.00040287,7.9749e-05,6.645850437264885e-07,5.472947121235764e-06,2.52562e-10,0.022181859280210804,0.022181859280210804
16,75977954,77523678,3.5081e-05,6.0174e-05,1.2342202085066235e-06,2.775044984249782e-06,2.88415e-05,0.11547625988478681,0.11547625988478681
16,77523678,78456292,9.2292e-05,6.3616e-05,-6.701210932759892e-07,2.4977629559864643e-06,5.58659e-06,0.07391238374506731,0.3115701334796398
16,78456292,79134815,7.1671e-05,6.2397e-05,1.946425179371239e-06,1.2546745390900274e-06,5.27736e-07,0.07391238374506731,inf
16,79134815,80297374,9.6467e-05,6.3859e-05,3.0973361044913565e-07,1.5163554241252381e-06,3.36478e-06,0.07391238374506731,0.2937289943002592
16,80297374,81772536,9.4043e-05,6.3718e-05,-3.2721723967002803e-06,4.39601108208268e-06,3.89527e-16,0.11194791194404982,0.11194791194404982
16,81772536,82747728,4.2615e-05,6.0638e-05,-1.317195825121062e-06,2.7806031919251886e-06,7.63881e-06,0.16061377617604083,0.16061377617604083
16,82747728,83477208,5.2389e-05,6.1235e-05,-8.918811216352038e-07,1.261315634425787e-06,0.000244282,0.9983712171740111,inf
16,83477208,84445883,-3.0073e-06,5.7769e-05,-6.734816267652318e-06,5.000601114394507e-06,8.34029e-05,0.2115284861373572,0.2115284861373572
16,84445883,85148685,0.00010656,6.4445e-05,4.722303541357502e-06,3.864775236084577e-06,8.65857e-09,0.0011787027199728314,0.04820123032007319
16,85148685,86156599,3.3229e-05,6.0059e-05,1.2043751773723993e-05,3.6089730579974483e-06,7.70456e-06,0.0011787027199728314,0.03816186050948069
16,86156599,86815411,7.7017e-05,6.2715e-05,-1.313772842958125e-06,2.675052706771513e-06,3.54688e-10,0.213208613639307,0.333142443750518
16,86815411,87647349,0.00010521,6.4367e-05,7.283111765095858e-06,2.974511256337477e-06,4.45807e-07,0.02719790171932689,0.02719790171932689
16,87647349,89041165,8.3902e-05,6.3123e-05,2.8433267433472303e-05,6.425248183601921e-06,4.86109e-19,5.095052936743602e-07,5.095052936743602e-07
16,89041165,90292812,0.00068451,9.1926e-05,9.02610598445694e-06,7.1810734451694725e-06,2.05934e-08,0.002521219789919036,0.002521219789919036
17,56,1172399,7.6837e-05,6.2704e-05,-3.3250204885130336e-06,4.897394869524821e-06,1.03485e-06,0.07123110699471752,0.07123110699471752
17,1172399,1928731,0.00018966,6.908e-05,7.558026638226967e-06,6.279329246670471e-06,1.93846e-10,0.016595719579495793,0.016595719579495793
17,1928731,3702312,7.5711e-05,6.2637e-05,9.746480780117386e-06,7.731694155110167e-06,3.49063e-10,0.00601927739694197,0.00601927739694197
17,3702312,4696261,1.5397e-05,5.8943e-05,6.164581038418069e-06,6.6460572370856405e-06,8.16646e-06,0.000547097900371659,0.000547097900371659
17,4696261,5741334,0.00023214,7.1333e-05,-1.0381250604465135e-07,7.5709978629823965e-06,1.79753e-06,0.01104859566246848,0.01104859566246848
17,5741334,7317398,6.7265e-05,6.2133e-05,8.84111379323053e-06,8.933498210776063e-06,5.44038e-09,0.0004886686843641558,0.0004886686843641558
17,7317398,8306425,0.00085058,9.8459e-05,8.037937789351265e-06,1.0079395910271223e-05,1.52703e-19,0.016041638028671364,0.016041638028671364
17,8306425,9965921,-1.5151e-05,5.6981e-05,-4.590117251610058e-06,5.242013900666969e-06,0.000308399,0.09264904773278475,0.09264904773278475
17,9965921,11102815,4.4699e-05,6.0766e-05,-1.8471628359385352e-06,4.610076113061898e-06,0.000248193,0.039039784752869816,0.039039784752869816
17,11102815,12534769,-2.2906e-05,5.6472e-05,-8.765086451385209e-07,2.861429748331783e-06,8.115e-05,0.1481963425953403,0.1481963425953403
17,12534769,13180372,7.3215e-05,6.2489e-05,2.1676828427138995e-06,2.110767822831798e-06,7.55873e-05,0.03578604983414278,0.03578604983414278
17,13180372,13894637,-1.9091e-05,5.6723e-05,-1.2839231528097525e-06,1.5541015231623967e-06,0.000437631,0.6990338097845084,inf
17,13894637,15019097,-3.0432e-05,5.5973e-05,-1.940732482465363e-06,2.3735636206658325e-06,0.000141497,0.33470277738622634,0.33470277738622634
17,15019097,16412342,0.00028307,7.3944e-05,1.5833939607707658e-05,5.529695820250893e-06,1.60962e-05,0.01098011599147939,0.01098011599147939
17,16412342,18856320,0.00021996,7.0694e-05,-1.3151432218318368e-05,8.685294433521877e-06,5.51247e-06,0.09090231108838302,0.09090231108838302
17,18856320,21290357,0.00045715,8.2244e-05,2.273512417535156e-05,6.458054027506701e-06,1.60135e-13,0.0003566226174474261,0.0003566226174474261
17,21290357,27334244,7.7881e-05,6.2766e-05,2.6682772934105506e-05,8.860644101064812e-06,1.35238e-06,0.00016774026854017948,0.00016774026854017948
17,27334244,29786491,0.00041341,8.0239e-05,-6.500062317929109e-08,7.54754502067365e-06,5.42183e-09,0.009970339017068388,0.009970339017068388
17,29786491,31538425,7.1959e-05,6.2414e-05,5.080172454416306e-06,5.4994382904870634e-06,2.81595e-05,0.04879856446021162,0.04879856446021162
17,31538425,32912798,7.0825e-05,6.2346e-05,1.5553202008270533e-06,3.7935542673238027e-06,3.43846e-06,0.094450749227478,0.094450749227478
17,32912798,34469036,1.7922e-05,5.9102e-05,5.59549673599246e-07,6.001112348208166e-06,5.5321e-05,0.011468872600953958,0.011468872600953958
17,34469036,36809344,0.00021865,7.0626e-05,-1.1789648459817604e-06,1.5443842554082408e-06,1.79256e-08,0.5678942113191641,inf
17,36809344,38877404,0.00017936,6.8522e-05,-5.039562542629646e-06,9.44765416300548e-06,1.25201e-09,0.04857939669367094,0.04857939669367094
17,38877404,39899810,0.00014583,6.5362e-05,2.9795924952289384e-06,1.0805296363476375e-05,2.71865e-05,0.003329448463384304,0.003329448463384304
17,39899810,41772087,0.00033264,7.6399e-05,2.764934670396676e-05,1.0793535225047027e-05,5.07479e-05,2.071588157397332e-06,2.071588157397332e-06
17,41772087,43056905,0.00046004,8.2375e-05,1.2579252990125588e-05,8.365331242879544e-06,6.54351e-12,0.003775369000864144,0.003775369000864144
17,43056905,45876022,0.0012209,0.00011159,3.676004720833386e-06,7.878868744373942e-06,6.18013e-14,0.005527819644061629,0.005527819644061629
17,45876022,47517400,0.00076983,9.5356e-05,4.155224065601802e-06,8.652316557466532e-06,9.240899999999999e-22,0.0041105890891468665,0.0041105890891468665
17,47517400,49898957,8.3736e-07,5.8016e-05,1.5777320380551798e-05,8.779382066774015e-06,6.28553e-09,0.002255021515523052,0.002255021515523052
17,49898957,50719055,0.00034199,6.8902e-05,-6.987744401999573e-07,1.035878678199102e-06,0.00045895,0.8301547967093941,inf
17,50719055,51826118,0.00013769,6.3164e-05,1.3222181854880628e-07,5.0474543174914e-07,0.000715467,0.24173221980666373,inf
17,51826118,53599432,0.00015466,6.7167e-05,-1.1506056507651842e-06,3.2109193611301113e-06,2.14948e-06,0.24173221980666373,0.30538231545485023
17,53599432,55357541,4.7124e-05,6.0914e-05,5.706103445178876e-06,4.515367309977878e-06,7.51208e-10,0.01966810554436577,0.04178122191274486
17,55357541,57487512,0.00018382,6.8765e-05,-9.59462941543937e-06,7.4722795324957916e-06,1.07078e-07,0.01966810554436577,0.13546324467797172
17,57487512,59312755,0.00093695,9.6433e-05,4.2484921316720605e-08,5.376133116247571e-06,1.21384e-06,0.049043119404202945,0.049043119404202945
17,59312755,61545589,0.0001217,6.5314e-05,1.9002504315065273e-05,5.149042630408643e-06,2.35398e-05,0.0005851027294994499,0.0005851027294994499
17,61545589,63148128,0.00038689,7.7981e-05,1.9001539265752184e-05,7.822041114453305e-06,9.50674e-13,0.0012258733173051582,0.0012258733173051582
17,63148128,64800430,0.00020255,6.9771e-05,-1.7430040381369507e-06,3.153599519872035e-06,2.08958e-06,0.26845447482263385,0.26845447482263385
17,64800430,67858770,8.4644e-05,6.3166e-05,-2.1101939338156208e-06,6.605866518773606e-06,1.40384e-11,0.07765066540930307,0.07765066540930307
17,67858770,69387817,0.000178,6.8449e-05,2.2575510105540143e-06,1.8310125517398094e-06,5.07647e-09,0.02295188132478269,0.11285016324309165
17,69387817,72672203,6.282e-06,5.8364e-05,8.64746001959199e-06,6.513742926856774e-06,5.55808e-05,0.0008757045094755151,0.0008757045094755151
17,72672203,74375560,0.00021094,7.0218e-05,2.60376491118604e-05,1.0555818251694442e-05,5.72276e-06,0.0005296209239823002,0.0005296209239823002
17,74375560,76263413,3.6726e-05,6.0275e-05,-3.1161739882387904e-06,6.796878000329216e-06,2.15028e-07,0.05799769452847735,0.05799769452847735
17,76263413,77298636,5.2152e-05,6.1221e-05,1.418232227320106e-05,4.795585627039514e-06,1.33676e-09,0.0004303772885694606,0.0004303772885694606
17,77298636,78837588,7.8031e-05,6.2775e-05,1.4245252017464789e-05,5.427840068673236e-06,1.11232e-11,0.0008091370751952044,0.0008091370751952044
17,78837588,80034408,9.3665e-05,6.3696e-05,1.2449926863782856e-05,9.032224818699443e-06,1.05308e-11,0.0038985183019215955,0.0038985183019215955
17,80034408,81194908,0.00033605,7.6565e-05,2.2144168593423425e-05,6.373964789327183e-06,1.17477e-06,0.005754140669375127,0.005754140669375127
18,10644,912486,0.00012696,6.5614e-05,-3.4117460475887977e-06,4.036319125793232e-06,2.44817e-06,0.08753739056271849,0.08753739056271849
18,912486,1942911,9.6095e-05,6.3838e-05,-9.895630118902488e-07,1.356020754214547e-06,6.36167e-07,0.6182324429466944,inf
18,1942911,3891658,-1.2818e-05,5.7133e-05,8.715419262249305e-06,4.1830266578717155e-06,1.55293e-11,0.0008132327915287993,0.0008132327915287993
18,3891658,5834180,-2.7534e-05,5.6166e-05,-2.9555656771590898e-06,2.770649839504431e-06,0.000201997,0.4053683917019084,0.4053683917019084
18,5834180,7090485,1.0996e-05,5.8664e-05,-8.648817284427478e-07,2.4748590424114324e-06,0.000105108,0.17308600733501617,0.32611292122059055
18,7090485,8498931,3.6311e-05,6.025e-05,1.2547890246904035e-06,2.151491398184874e-06,5.45497e-05,0.06976244999320333,0.06976244999320333
18,8498931,11075913,3.8938e-05,6.0412e-05,-2.1183807634423406e-06,4.851941709986121e-06,2.49051e-07,0.002552089788700182,0.15868363327856835
18,11075913,11905440,5.4247e-05,6.1348e-05,2.4826841700635223e-06,2.1882744772635458e-06,0.00116741,0.002552089788700182,0.25406254575035236
18,11905440,14440799,1.6629e-05,5.9021e-05,8.122922399862514e-08,6.134269273212175e-06,4.10551e-06,0.034450328847900724,0.034450328847900724
18,14440799,19485844,0.00049803,7.3072e-05,-1.459021851339434e-06,3.734104870251948e-06,1.29732e-07,0.11173033973299394,0.11173033973299394
18,19485844,20649472,8.0768e-05,6.2937e-05,9.235617328492696e-06,2.070511829050156e-06,5.39771e-05,0.0008213034552476525,0.0008213034552476525
18,20649472,22996651,0.0001219,6.5326e-05,1.6265614609525994e-05,5.1684951196039145e-06,1.84908e-07,0.0002560030027661666,0.0002560030027661666
18,22996651,24026191,0.00035458,7.674e-05,7.963316750533297e-07,2.5174749856300335e-06,1.2265e-05,0.13283549194221742,0.13283549194221742
18,24026191,25927682,6.552e-05,6.2029e-05,-2.738111325978487e-06,2.495330059034387e-06,3.19645e-05,0.4726934466401447,0.4726934466401447
18,25927682,26875587,0.00061629,8.3104e-05,-4.819020319525202e-07,6.815976431474039e-07,0.00089731,0.991076732660484,inf
18,26875587,27866478,0.00036147,7.4787e-05,-3.1847019039711866e-07,7.273148862941437e-07,6.11998e-05,0.4343802774825526,inf
18,27866478,30264066,5.2908e-06,5.8301e-05,2.5281595030017203e-06,6.1610022134072274e-06,3.53324e-06,0.003598386333147734,0.003598386333147734
18,30264066,31780067,0.00045716,8.1693e-05,5.546235331055958e-06,2.268960439460091e-06,9.10478e-12,0.006348527505694351,0.006348527505694351
18,31780067,33861964,0.00010657,6.4446e-05,8.31945796974808e-06,5.006271296211336e-06,5.7658e-07,0.002562919899702095,0.002562919899702095
18,33861964,35075250,0.00019572,6.9406e-05,-1.2699490664497262e-06,2.590693378733615e-06,5.26571e-06,0.1626537748228159,0.1626537748228159
18,35075250,36365490,0.00012188,6.5325e-05,-5.17305763205261e-07,7.371989714027286e-07,2.18989e-05,0.9304346717444432,inf
18,36365490,37684367,0.00028056,7.2728e-05,-4.817230689020277e-07,5.671904112892802e-07,0.000147479,0.6304201121129036,inf
18,37684367,39892648,0.00011182,6.4749e-05,-6.198280027597934e-07,1.1406108751686344e-06,6.15956e-06,0.6304201121129036,inf
18,39892648,42922106,9.7791e-05,6.3937e-05,-1.8625596733220202e-06,2.542677085567461e-06,1.55871e-06,0.3183013650297194,0.3325404235885653
18,42922106,44299246,4.7546e-05,6.094e-05,9.883125368685851e-06,4.4064376645486445e-06,4.36944e-06,0.0183377490905242,0.0183377490905242
18,44299246,45939732,0.00013362,6.599e-05,-1.4629676695909903e-06,3.780618917987037e-06,1.06403e-08,0.23892165532446052,0.23892165532446052
18,45939732,47730584,0.00010546,6.4382e-05,-4.426494982100115e-06,4.1153559837453014e-06,5.95093e-06,0.15506150524347959,0.15506150524347959
18,47730584,51062185,1.5325e-05,5.8938e-05,-4.971813897274327e-06,4.543257264093652e-06,0.000154466,0.12785339996194786,0.12785339996194786
18,51062185,51554175,0.00021307,5.6442e-05,-6.829189346822658e-07,9.777989858054953e-07,9.63189e-05,0.8236749394296488,inf
18,51554175,55213838,0.00013721,6.6193e-05,-5.7347584664574796e-06,5.040295584219446e-06,3.77458e-15,0.04856003263219728,0.04856003263219728
18,55213838,56530220,6.0213e-05,6.1709e-05,5.190965638925995e-06,3.312871820280274e-06,2.46444e-05,0.016236686333565283,0.016236686333565283
18,56530220,57630483,1.7243e-05,5.906e-05,-2.122753341557136e-06,3.7758768071437897e-06,2.75856e-05,0.1139215036945284,0.1139215036945284
18,57630483,59020751,0.0017637,0.00012843,2.898205560023313e-05,1.774098841156469e-06,1.82548e-67,5.02551566534952e-08,5.02551566534952e-08
18,59020751,60277715,0.00012849,6.57e-05,-3.120170832093073e-07,3.030698758231602e-06,1.6824e-07,0.1290657781287126,0.14268799487130274
18,60277715,61820252,3.5991e-05,6.023e-05,-5.330676786975001e-06,5.178417148800612e-06,1.28911e-07,0.1290657781287126,0.18233475150666606
18,61820252,63463402,2.0445e-05,5.9261e-05,-3.730458562310519e-07,1.5281838466273946e-06,0.000598085,0.2388823457018074,inf
18,63463402,64252801,0.00050282,7.9667e-05,-2.0380962691270372e-07,8.012004973911299e-07,0.000952787,0.2731718998500262,inf
18,64252801,66125817,8.8345e-06,5.8527e-05,-1.0963770859019279e-06,1.7731341992852293e-06,4.37045e-06,0.2731718998500262,0.6958190133332007
18,66125817,67175820,8.2354e-06,5.8489e-05,4.407802761991313e-07,1.7386523914978434e-06,4.84077e-05,0.0392333641853009,0.7171859663876531
18,67175820,68621179,-3.5089e-05,5.5662e-05,8.154070458760561e-07,2.304723217502437e-06,0.000252696,0.0392333641853009,0.3123702659712923
18,68621179,69621618,8.3024e-06,5.8493e-05,-6.78673891587029e-07,8.105195008829356e-07,4.5281e-05,0.5985240729733218,inf
18,69621618,71038474,1.138e-05,5.8689e-05,1.2573135027983763e-06,1.5217981478007876e-06,7.7302e-05,0.08900410357719135,inf
18,71038474,71971462,4.9122e-05,6.1036e-05,2.732167193864751e-06,2.4680632585887333e-06,1.70788e-06,0.028150861707829294,0.43507903736215403
18,71971462,73526987,4.4231e-05,6.0737e-05,9.922453071194915e-07,3.937464290988047e-06,2.0775e-05,0.020162931910050464,0.020162931910050464
18,73526987,74813815,-2.0713e-05,5.6616e-05,3.4709426024228205e-06,2.2647507060078702e-06,1.52811e-05,0.020806371665388283,0.020806371665388283
18,74813815,75976317,3.5172e-05,6.0179e-05,-1.1428167925183285e-06,1.501518458662994e-06,6.28685e-12,0.6004562147505641,0.6004562147505641
18,75976317,77149991,2.5689e-05,5.959e-05,-1.7252343258995362e-06,1.9255002207675855e-06,1.72613e-05,0.16645729988281083,0.961161207210062
18,77149991,78017158,0.00010818,6.4539e-05,-1.5713807367589236e-07,4.195896082249753e-06,1.5199e-06,0.1121965362148452,0.1121965362148452
19,80840,610729,1.0322e-05,4.0879e-05,-1.0798836972576861e-06,4.88603375216751e-06,0.00024165,0.025918998136523014,0.025918998136523014
19,610729,2098396,0.00010393,6.4293e-05,3.0837832216032806e-06,1.1019735939815493e-05,2.81966e-08,0.01490937664025489,0.01490937664025489
19,2098396,3019660,0.00011502,6.4932e-05,7.194879323322612e-06,7.236715599084948e-06,9.30734e-07,0.00478076397761257,0.00478076397761257
19,3019660,4348967,3.1101e-05,5.9927e-05,5.152185167239105e-06,8.870276787947727e-06,3.27748e-07,0.004370713304052684,0.004370713304052684
19,4348967,5811852,7.5683e-05,6.2636e-05,2.5724229785814172e-05,7.363382497472246e-06,6.47459e-12,1.956272542828922e-06,1.956272542828922e-06
19,5811852,6684885,2.9429e-05,5.9823e-05,-5.940385456440599e-06,6.805711494622673e-06,6.58532e-06,0.019633680355849635,0.019633680355849635
19,6684885,8347513,0.0002118,7.0263e-05,1.9281508544380987e-05,8.823736300849118e-06,6.52953e-21,0.0023303440506289444,0.0023303440506289444
19,8347513,9238393,0.00038156,7.4301e-05,1.035122590844342e-06,5.573504234987393e-06,1.06883e-22,0.005026458381441694,0.005026458381441694
19,9238393,11284028,0.00037186,7.8287e-05,-3.0042951905016475e-06,1.0635922609594382e-05,1.39713e-15,0.009578080319369105,0.009578080319369105
19,11284028,13471127,0.0001726,6.8154e-05,-5.377887367839927e-06,1.1923948443775171e-05,1.01044e-06,0.008013040980363425,0.008013040980363425
19,13471127,14486347,0.00030593,7.5086e-05,1.645288382925086e-05,6.254000854969691e-06,6.04974e-10,0.0028913935728566904,0.0028913935728566904
19,14486347,15648610,5.6035e-05,6.1457e-05,1.2810285597003531e-05,7.178317231975488e-06,0.000132489,0.009256962873419502,0.009256962873419502
19,15648610,16374416,0.00010199,5.5431e-05,-8.22124635081998e-07,5.386636021741954e-06,0.000199133,0.036997525886857875,0.036997525886857875
19,16374416,18409862,0.00026402,7.2978e-05,7.602274045955426e-06,1.0507993810452634e-05,6.78504e-17,0.00012439764873485457,0.00012439764873485457
19,18409862,19877471,0.00081459,9.7088e-05,8.575390859204725e-06,9.580459518037385e-06,2.6451999999999998e-20,0.0046565713197971904,0.0046565713197971904
19,19877471,20905757,0.00013504,3.8635e-05,-6.570695775717626e-06,4.279513409317973e-06,0.000935655,0.2652100288415874,0.2652100288415874
19,20905757,22732896,0.00021955,5.6624e-05,-3.358766935664847e-06,5.7085518066698105e-06,8.9464e-06,0.11367127295632483,0.11367127295632483
19,22732896,23467746,8.6116e-05,3.92e-05,-2.9636917776464494e-06,2.8606565740456536e-06,0.0011401,0.3316563111838533,0.3949068225715118
19,23467746,28557893,0.00010108,4.6095e-05,-1.0653181198154797e-06,3.3092101884402836e-06,6.43469e-05,0.053834086407057474,0.053834086407057474
19,28557893,29790947,6.4489e-05,6.1967e-05,-1.889675292285881e-07,6.104822121325114e-07,0.00039409,0.4533563213496469,inf
19,29790947,30727954,0.00023581,7.1524e-05,-7.443967686156226e-07,3.5015804874958333e-06,1.10753e-08,0.05882626455822035,0.05882626455822035
19,30727954,32746520,0.00010639,6.4435e-05,1.0983530016035152e-07,2.2545896023801418e-06,2.24051e-09,0.10600808430962275,0.35724918828971
19,32746520,34262952,0.00017538,6.8306e-05,2.268986602917841e-05,6.0793909238443495e-06,1.40479e-22,0.010815065103856882,0.010815065103856882
19,34262952,36469295,7.6443e-05,6.2681e-05,1.764545622182026e-05,1.0884585721297952e-05,2.12591e-13,0.0019165180306592012,0.0019165180306592012
19,36469295,37527033,0.00034638,7.1214e-05,5.632918968125155e-06,7.22525158898196e-06,4.59214e-05,0.00638408548030778,0.00638408548030778
19,37527033,40170619,7.7394e-05,6.2737e-05,4.124090837711822e-06,1.1748767705340622e-05,1.43755e-07,0.002402834871930827,0.002402834871930827
19,40170619,40984601,5.0482e-05,5.0643e-05,2.480272958101625e-06,6.320838427441401e-06,7.16624e-07,0.018793966630890613,0.018793966630890613
19,40984601,42131573,0.00015969,6.7445e-05,-6.039350014445879e-07,7.728811523277825e-06,6.38248e-07,0.048417876817314895,0.048417876817314895
19,42131573,43862455,0.00013102,4.9088e-05,6.281233476068996e-06,8.542887248641958e-06,1.49009e-05,0.021971185698445306,0.021971185698445306
19,43862455,44744108,6.9317e-05,6.1132e-05,-5.432701277003485e-06,7.749273776602403e-06,0.000465978,0.03529824893426073,0.03529824893426073
19,44744108,46102697,0.00016584,6.7784e-05,-5.438343970261521e-07,8.969316729801296e-06,2.77492e-08,0.02714718528572936,0.02714718528572936
19,46102697,47150082,0.00019703,6.9476e-05,5.868760012597735e-06,7.680292985919728e-06,1.74425e-10,0.03868716342001558,0.03868716342001558
19,47150082,49282227,0.00020472,6.9887e-05,1.364755796988499e-05,1.1140535888543808e-05,1.11001e-28,0.0006209048576745797,0.0006209048576745797
19,49282227,51532567,0.0002054,6.9924e-05,-1.1606877849276652e-05,1.4075611242523576e-05,5.28667e-10,0.008394866152245254,0.008394866152245254
19,51532567,52985290,0.00011318,6.4827e-05,-1.0161719400178802e-05,9.349986663455685e-06,9.89231e-10,0.05211312548958353,0.05211312548958353
19,52985290,54602362,-2.306e-05,5.6461e-05,3.397402603162793e-06,7.2820100043231195e-06,7.99737e-05,0.027335838184330108,0.027335838184330108
19,54602362,55728080,8.4842e-06,5.8505e-05,-9.413113031055554e-06,9.357795709507634e-06,0.000173417,0.030446618809362776,0.030446618809362776
19,55728080,57521335,1.4382e-05,5.8879e-05,-4.28025575032773e-06,1.0371878362959687e-05,1.03465e-05,0.03056320835936852,0.03056320835936852
19,57521335,59118839,8.9891e-05,6.3475e-05,9.679786608176905e-06,1.1058746087965975e-05,1.09297e-05,0.005837726532530688,0.005837726532530688
20,60479,697600,8.6026e-05,6.3248e-05,8.733198970843785e-07,5.3402674859893066e-06,0.000552729,0.08117551018674793,0.08117551018674793
20,697600,2469501,5.1109e-05,6.1157e-05,3.4694385078488805e-06,6.688410659640587e-06,5.13756e-06,0.03529688198634638,0.03529688198634638
20,2469501,3828413,0.00012697,6.5614e-05,1.8658237185671074e-05,8.059101458252393e-06,7.42844e-07,0.0008191548798839889,0.0008191548798839889
20,3828413,5477850,1.3936e-05,5.8851e-05,9.539965639314566e-06,5.0877815157483585e-06,6.56768e-05,0.014509322440899147,0.04802208762004156
20,5477850,7084073,-3.6357e-06,5.7728e-05,2.526212359630068e-06,3.933643592251148e-06,3.17978e-06,0.014509322440899147,0.16957238193997776
20,7084073,8117011,0.00012018,6.5227e-05,-1.4523082080086556e-06,1.6399067610546493e-06,2.96096e-07,0.6707382493218167,0.8745905427474636
20,8117011,9730921,0.00027033,7.3299e-05,5.67531494455437e-07,2.6773259529647353e-06,2.83411e-09,0.09943715328086312,0.09943715328086312
20,9730921,11249536,0.00012153,6.5305e-05,6.4564677974211e-06,3.2443128049801983e-06,1.35424e-08,0.010444175674791835,0.010444175674791835
20,11249536,12447499,1.8637e-05,5.9089e-05,-6.138509240292961e-08,1.5567070081148065e-06,0.000233546,0.3311913892106643,inf
20,12447499,13689864,0.00015352,6.7104e-05,-7.192711075281272e-07,2.622320821108454e-06,2.2858e-06,0.20829050294194104,0.20829050294194104
20,13689864,15958359,1.1233e-05,5.8679e-05,-1.0278199876542024e-06,2.9339717879952582e-06,9.37253e-08,0.08428255670379332,0.08428255670379332
20,15958359,17487232,3.6912e-07,5.7986e-05,-1.8732101451084875e-06,2.7743856751054584e-06,2.3863e-06,0.05821491048582181,0.8378243659617431
20,17487232,18972203,3.3025e-05,6.0046e-05,3.655212584235943e-06,5.565726649368867e-06,0.000178354,0.03387109993292002,0.03387109993292002
20,18972203,20959710,0.00012039,6.5239e-05,3.0291351982291067e-06,3.7784510455869943e-06,1.46557e-12,0.029370490740272343,0.029370490740272343
20,20959710,22491456,0.0010828,0.00010688,1.6187740162777108e-06,2.9100629445858183e-06,1.15575e-11,0.07400708515509578,0.21270250420696515
20,22491456,23293790,0.00011273,6.4801e-05,6.909395191007849e-06,2.7331914097354444e-06,0.000241414,0.07400708515509578,0.0872690909454577
20,23293790,24717724,0.00012663,6.5595e-05,-8.959594093634163e-07,5.339542160685019e-06,0.000148214,0.05309955922713767,0.05309955922713767
20,24717724,25344231,0.0026874,0.00014967,3.985181619859677e-09,3.633645647543055e-06,8.80247e-07,0.05377673638342542,0.05377673638342542
20,25344231,31614823,0.00017403,6.8233e-05,1.7783896510717774e-06,8.328487155672685e-06,7.10727e-07,0.029423866085056642,0.029423866085056642
20,31614823,32813441,0.00090151,9.9038e-05,-3.4243876305757995e-06,6.115167741659085e-06,2.5689e-13,0.11174871572814922,0.11174871572814922
20,32813441,34960446,0.0018074,0.00012969,8.143470620985418e-06,8.33854963127264e-06,6.54135e-12,0.003961603206411699,0.003961603206411699
20,34960446,36909530,0.00032346,7.5951e-05,4.27131247235524e-06,6.847220885307547e-06,1.69933e-11,0.026751322818540545,0.026751322818540545
20,36909530,38436761,7.5768e-05,6.2641e-05,-1.6847437934268856e-06,4.338901120141487e-06,0.000117723,0.17940796253027735,0.17940796253027735
20,38436761,39610856,0.00015208,6.7024e-05,-2.987961807816878e-07,6.071766798122299e-07,1.91502e-05,0.2252175864980254,1.0
20,39610856,40585689,0.00015308,6.3357e-05,2.0453800526392913e-06,3.1906601707426534e-06,0.000120443,0.031425260200670685,0.17213724504043743
20,40585689,41615460,6.3296e-05,6.1895e-05,-1.5331116833385226e-08,1.3637855758724999e-06,0.000284335,0.031425260200670685,inf
20,41615460,42680176,3.8548e-05,6.0388e-05,-1.8590580340387409e-06,3.7198537505129614e-06,0.000188847,0.09350522896518709,0.09350522896518709
20,42680176,44839056,0.00018684,6.8928e-05,3.161724342716433e-05,1.0862145439145677e-05,1.62581e-10,0.002879541749308756,0.002879541749308756
20,44839056,47199980,6.3778e-05,6.1924e-05,1.1508426204103694e-05,4.9210551667288545e-06,1.80699e-05,0.0011120995174637687,0.0011120995174637687
20,47199980,49239658,9.5748e-05,6.3817e-05,-4.6980268848994635e-07,5.752428850621026e-06,2.74688e-06,0.046684870252113514,0.046684870252113514
20,49239658,52472549,0.00021937,7.0663e-05,-3.134268846495663e-06,5.0477399169030705e-06,2.62108e-16,0.06535766044744144,0.06535766044744144
20,52472549,54055266,2.8761e-05,5.9781e-05,2.791521553754897e-07,2.7337999279954257e-06,1.48518e-05,0.08439661962000597,0.08439661962000597
20,54055266,56447959,5.5709e-05,6.1437e-05,-3.3679010876909695e-06,6.15711599879091e-06,3.61902e-06,0.0400543702811055,0.0400543702811055
20,56447959,58406572,7.0517e-05,6.2328e-05,1.0169029740292142e-05,5.718155323756053e-06,2.86612e-06,0.00579640151737803,0.00579640151737803
20,58406572,59561724,7.1361e-05,6.2378e-05,-2.741331052699788e-06,2.3093833578794615e-06,0.000103923,0.6778420646245262,0.6778420646245262
20,59561724,61301855,-2.5246e-05,5.6317e-05,-4.498221703481935e-07,5.306556438017801e-06,3.92475e-05,0.006336751679129994,0.006336751679129994
20,61301855,62190180,0.00013393,6.6008e-05,2.397251577851756e-06,6.226943819091359e-06,1.3548e-16,0.02699021691439961,0.02699021691439961
20,62190180,62965163,0.0012657,0.00011164,1.629613080471735e-05,6.842432800749628e-06,4.71254e-12,0.006447295746405544,0.006447295746405544
21,9411243,15950982,3.9259e-05,5.9623e-05,2.9699566548544356e-06,3.168821197711387e-06,0.00113017,0.0417116299012824,0.0417116299012824
21,15950982,18053165,6.8936e-05,6.2233e-05,2.9676235191041898e-06,2.0057575425467397e-06,3.35143e-05,0.030925210653853393,0.030925210653853393
21,18053165,19480375,0.00015894,6.7404e-05,1.1780783940998657e-05,2.5960738065059638e-06,6.25232e-10,0.004722569430044524,0.004722569430044524
21,19480375,20962339,-4.089e-06,5.7699e-05,7.582874004409307e-07,1.3621342131201361e-06,0.000643774,0.07014821909915502,inf
21,20962339,22072764,3.8839e-05,6.0406e-05,-3.8031968874193965e-07,5.302366287975682e-07,0.000520231,0.39000382304109316,inf
21,22072764,23362875,5.196e-05,6.1209e-05,-5.028995238077958e-07,7.169206739320144e-07,0.000198886,0.9288666479444886,inf
21,23362875,24696231,-1.771e-05,5.6813e-05,-5.197569026744733e-07,7.409521212603373e-07,0.000588571,0.9288666479444886,inf
21,24696231,26469122,-2.4914e-05,5.6339e-05,-7.975546705666616e-07,1.075183660251471e-06,0.00041302,0.9288666479444886,inf
21,26469122,27271019,0.00014731,6.0777e-05,8.893072241306725e-06,2.4897993052284945e-06,0.00212022,0.0014716408842809336,0.0014716408842809336
21,27271019,29125226,4.4819e-05,6.0773e-05,1.646838105341462e-06,2.726175404464156e-06,0.000114081,0.12034618985158216,0.12034618985158216
21,29125226,31197025,0.00013604,6.6127e-05,6.538776636936009e-06,3.888580059262174e-06,1.89665e-05,0.05961716226100568,0.05961716226100568
21,31197025,32668642,0.00014295,6.6514e-05,-3.4275133278993194e-06,4.576413440649379e-06,0.000117352,0.07980405640739444,0.10460970468074246
21,32668642,34376999,0.00016467,6.772e-05,-3.544947192976794e-06,5.0670420742775506e-06,1.54003e-05,0.05607997570691244,0.05607997570691244
21,34376999,35225465,0.00016948,6.7983e-05,-2.0797455636362805e-07,4.961758501848833e-06,9.24326e-05,0.05342294355445578,0.05342294355445578
21,35225465,36524373,0.00017274,6.8162e-05,-2.2368453121874276e-06,3.4509673618418658e-06,4.87872e-07,0.16285445802305037,0.16285445802305037
21,36524373,37870779,5.5729e-05,6.1438e-05,6.50543590743594e-06,3.703045396212841e-06,1.294e-05,0.008184899771217906,0.008184899771217906
21,37870779,38711704,0.00033993,7.6754e-05,4.918834082184502e-06,3.6379378957005452e-06,2.08066e-06,0.03141411584395343,0.03141411584395343
21,38711704,40482902,7.1994e-05,6.2416e-05,8.287559207362053e-07,3.564268697568581e-06,2.74221e-07,0.012902161980984365,0.05349460084727718
21,40482902,41389527,0.00022677,7.1052e-05,-5.757810411497446e-07,3.908639680619953e-06,9.94937e-09,0.012902161980984365,0.18692552585468108
21,41389527,43321528,1.5248e-05,5.8934e-05,-4.787325824581939e-06,4.094597051627182e-06,1.07876e-05,0.211285550330982,0.211285550330982
21,43321528,44506268,1.5435e-05,5.8945e-05,-5.993973545480582e-06,5.572081826808728e-06,8.15704e-06,0.11562856759131479,0.11562856759131479
21,44506268,46177105,4.8161e-05,6.0978e-05,2.3113081209189393e-07,7.128064281130573e-06,0.000196027,0.014554616611479507,0.014554616611479507
21,46177105,47492226,5.7711e-05,6.1558e-05,9.320539609223997e-06,4.633070567099899e-06,1.79101e-05,0.00031302046857105826,0.00031302046857105826
21,47492226,48119752,0.0001338,5.9247e-05,4.710307960155335e-06,4.649595851170932e-06,0.000178858,0.004937511061378445,0.004937511061378445
22,16050408,17674295,0.00010923,5.3056e-05,3.4334670176587734e-06,3.4947201199925854e-06,7.89998e-06,0.025169317789117875,0.025169317789117875
22,17674295,18296088,2.7192e-05,5.9684e-05,-3.789245977466469e-07,3.4015367525023573e-06,3.26488e-05,0.09645079279799483,0.09645079279799483
22,18296088,19912358,4.3872e-05,6.0715e-05,-4.647647893401732e-06,6.1794993461362485e-06,1.81416e-05,0.08257486544288525,0.08257486544288525
22,19912358,22357325,0.00022216,7.081e-05,3.4007127142622842e-06,8.186464400520325e-06,4.52672e-11,0.003087418492607011,0.003087418492607011
22,22357325,23712647,0.00014295,6.6515e-05,2.314820682410833e-06,4.053920422338957e-06,3.96257e-07,0.027732738581609784,0.027732738581609784
22,23712647,24984204,0.00019611,6.9427e-05,-1.0670503829260833e-05,6.854755855510857e-06,3.59375e-05,0.22687351542636774,0.22687351542636774
22,24984204,26791628,4.4007e-05,6.0724e-05,7.670433912966226e-07,4.907372685476935e-06,3.36061e-06,0.006441608483481416,0.006441608483481416
22,26791628,27834752,1.2026e-05,5.873e-05,5.2780321025767895e-06,3.6291393588296573e-06,1.262e-05,0.032048498715596986,0.032048498715596986
22,27834752,29651799,0.00019015,6.9106e-05,-1.3544065504888354e-07,4.62063661044776e-06,2.84381e-10,0.13192232978846735,0.13192232978846735
22,29651799,31439918,0.00035155,7.7316e-05,-1.3511429970921233e-05,8.383607484970884e-06,4.25884e-07,0.04300330213649396,0.04300330213649396
22,31439918,32664986,0.0015211,0.00012009,-4.5451135973657505e-06,6.017958062140374e-06,7.8275e-10,0.0287058361187034,0.0287058361187034
22,32664986,34494914,2.3086e-05,5.9427e-05,2.604614128248567e-06,3.975834637624088e-06,4.30657e-06,0.03335102191241596,0.03335102191241596
22,34494914,35530985,1.8461e-05,5.9136e-05,2.964044981391183e-07,1.3821952153012437e-06,0.000263894,0.2400718865153471,inf
22,35530985,37570269,1.5529e-05,5.8951e-05,-3.6400432511721135e-06,7.410135687356368e-06,3.84455e-09,0.08750118356679541,0.08750118356679541
22,37570269,39307894,7.4401e-05,6.256e-05,6.962016226010301e-06,8.98699739059361e-06,6.515110000000001e-18,0.00159796125233836,0.00159796125233836
22,39307894,40545797,0.00030008,7.4796e-05,1.4310556663502374e-06,6.350470423077638e-06,6.365560000000001e-18,0.013088267626970785,0.05272448093207167
22,40545797,42690818,0.0021987,0.00014045,3.0218092636695337e-06,8.669475292071897e-06,3.26406e-23,0.009129217337562969,0.009129217337562969
22,42690818,43714200,5.5961e-05,6.1452e-05,-4.97057465429882e-07,5.418495920438146e-06,6.85673e-08,0.008499903679880794,0.008499903679880794
22,43714200,44995308,7.4495e-05,6.2565e-05,1.8365931202797629e-06,4.512361420707457e-06,1.15609e-05,0.01342438191223833,0.01342438191223833
22,44995308,46470495,8.1294e-05,6.2968e-05,7.168009211486933e-06,5.131369062518989e-06,1.49434e-08,0.002854075487363342,0.002854075487363342
22,46470495,47596318,1.8216e-05,5.9121e-05,8.05451809480293e-06,4.537372229762798e-06,0.000301688,0.024465517743104896,0.04762997174539082
22,47596318,48903703,1.1894e-05,5.8721e-05,-1.8877541055568726e-07,6.077877968626207e-07,0.000109259,0.024465517743104896,1.0
22,48903703,49824534,2.8287e-05,5.9752e-05,-5.664330534009862e-07,8.21735270154844e-07,2.5886e-05,0.8739596438694637,inf
22,49824534,51243298,2.4277e-05,5.9501e-05,-1.1407307867246875e-06,8.552063161836291e-06,1.20117e-05,0.032361971006487494,0.032361971006487494
